12	176622
9	206716
8	579736
8	160030
7	331897
7	133627
6	515264
6	295152
6	287348
6	246927
6	220017
6	200756
6	147839
5	584379
5	552276
5	548424
5	515263
5	496327
5	487837
5	365624
5	325107
5	264368
5	259953
5	219802
5	214357
5	209591
5	191229
5	183011
5	164926
5	158590
5	156658
5	152929
5	151631
5	147352
5	131101
5	129237
4	807609
4	793474
4	786588
4	736079
4	727191
4	654597
4	633115
4	631412
4	629092
4	530158
4	494846
4	487443
4	472111
4	464803
4	441709
4	393453
4	386660
4	383842
4	379152
4	363335
4	338084
4	326869
4	325435
4	324534
4	318427
4	316439
4	298731
4	290653
4	277655
4	275155
4	270295
4	269793
4	254907
4	249296
4	234707
4	234220
4	215073
4	214265
4	206140
4	205425
4	199853
4	199558
4	199354
4	189197
4	179080
4	156647
4	156645
4	153246
4	151203
4	147346
4	145891
4	143213
4	140669
4	136861
4	133615
4	132062
4	131457
4	131102
4	128524
4	123508
4	116885
3	808657
3	806237
3	794908
3	779528
3	766745
3	760238
3	744327
3	739081
3	738045
3	737228
3	736706
3	736510
3	723974
3	719871
3	694027
3	687093
3	682732
3	672478
3	666239
3	663971
3	654591
3	651826
3	639286
3	635616
3	633118
3	629115
3	601711
3	599728
3	589652
3	582482
3	582234
3	581532
3	581453
3	581228
3	579404
3	563214
3	562837
3	558533
3	553436
3	539645
3	534226
3	529538
3	527690
3	521106
3	520631
3	515266
3	513298
3	511973
3	511158
3	504756
3	502315
3	495080
3	491563
3	491258
3	488330
3	483711
3	483264
3	476853
3	473413
3	472547
3	469904
3	462954
3	459930
3	459574
3	457819
3	454238
3	454187
3	453192
3	449502
3	446339
3	436957
3	428243
3	426800
3	425743
3	423354
3	422461
3	421353
3	420494
3	418794
3	417273
3	417032
3	414369
3	409366
3	408774
3	407994
3	407803
3	404328
3	401311
3	401085
3	396570
3	393132
3	392813
3	388854
3	387128
3	386840
3	382645
3	381883
3	378680
3	372505
3	366333
3	364289
3	361937
3	354084
3	351106
3	344981
3	344980
3	332808
3	327788
3	326577
3	325676
3	325334
3	324162
3	323988
3	321646
3	316887
3	314912
3	311994
3	309472
3	304409
3	299692
3	296952
3	294503
3	294502
3	294011
3	291686
3	291009
3	290313
3	287162
3	285405
3	284768
3	278580
3	274500
3	272397
3	271225
3	269244
3	267854
3	259180
3	248111
3	237305
3	234658
3	234224
3	232853
3	232378
3	232376
3	227729
3	226112
3	221336
3	219895
3	216046
3	214488
3	213825
3	211016
3	210400
3	210382
3	207860
3	206749
3	206321
3	202846
3	200442
3	199992
3	193568
3	193162
3	192595
3	185131
3	184371
3	181536
3	178315
3	171765
3	171496
3	169836
3	165998
3	164928
3	164066
3	162919
3	161360
3	160576
3	160534
3	160530
3	156310
3	155528
3	154489
3	153614
3	143763
3	142703
3	142361
3	142352
3	141978
3	141285
3	135367
3	135262
3	131449
3	129061
3	127639
3	127172
3	126757
3	123421
3	121957
3	118116
3	116380
3	116376
3	115889
2	817825
2	817658
2	817089
2	811592
2	811361
2	811141
2	808779
2	808527
2	808323
2	807315
2	806952
2	806769
2	806633
2	806632
2	806592
2	806193
2	805030
2	803978
2	803634
2	802988
2	802633
2	800445
2	799574
2	799228
2	798229
2	796696
2	796177
2	796169
2	795559
2	794903
2	794874
2	794184
2	793819
2	792831
2	792136
2	789821
2	788552
2	786728
2	786438
2	786039
2	780105
2	779270
2	777595
2	776952
2	776947
2	776353
2	775720
2	773276
2	771415
2	771098
2	769256
2	767573
2	767466
2	767212
2	767209
2	766871
2	766865
2	763397
2	762951
2	762220
2	761957
2	760803
2	760241
2	760235
2	758106
2	757813
2	756950
2	752776
2	751972
2	751822
2	751446
2	750443
2	750344
2	749152
2	748244
2	748216
2	748189
2	746468
2	744991
2	744319
2	743114
2	742226
2	740680
2	740376
2	739599
2	739080
2	738828
2	737064
2	735721
2	735712
2	735368
2	734951
2	732893
2	731783
2	731451
2	731115
2	730879
2	730876
2	730736
2	728838
2	728224
2	727944
2	727603
2	726763
2	726100
2	723973
2	720956
2	718043
2	715366
2	714915
2	714195
2	713820
2	713140
2	711579
2	710751
2	708521
2	707882
2	707070
2	704230
2	704018
2	703616
2	703403
2	701628
2	701098
2	700300
2	700253
2	699798
2	699483
2	698941
2	698240
2	693061
2	692636
2	691810
2	691182
2	689697
2	689693
2	689690
2	689316
2	689021
2	688460
2	688292
2	688289
2	687969
2	686853
2	686046
2	686039
2	682724
2	682719
2	678766
2	678755
2	672964
2	672358
2	672041
2	671100
2	671067
2	670983
2	670756
2	669690
2	669686
2	667066
2	666365
2	665299
2	664632
2	664579
2	664365
2	664015
2	661841
2	661811
2	661151
2	660202
2	659275
2	657989
2	655973
2	655864
2	655861
2	655858
2	654635
2	653068
2	653051
2	651828
2	649724
2	649719
2	649702
2	648424
2	648206
2	648161
2	647489
2	647443
2	646222
2	646212
2	644371
2	644362
2	642950
2	642947
2	639486
2	639471
2	639289
2	635598
2	635590
2	634693
2	634062
2	634059
2	634044
2	633119
2	632673
2	632022
2	629760
2	628151
2	624994
2	624414
2	624386
2	623321
2	622514
2	618977
2	618952
2	614693
2	612424
2	610845
2	610343
2	609405
2	608888
2	608806
2	607914
2	606903
2	606748
2	604209
2	602031
2	601704
2	601170
2	600845
2	600265
2	598221
2	598086
2	593845
2	592915
2	591888
2	590842
2	589936
2	588654
2	588016
2	586918
2	583881
2	582840
2	582530
2	582362
2	582194
2	581924
2	581739
2	581679
2	579705
2	579172
2	578986
2	578611
2	578060
2	577869
2	577752
2	577434
2	575906
2	572029
2	571323
2	570431
2	570243
2	569959
2	569566
2	568967
2	568439
2	567659
2	567296
2	565421
2	564769
2	563301
2	562593
2	562352
2	562325
2	562291
2	562188
2	559548
2	559415
2	559356
2	559353
2	558425
2	557023
2	556800
2	555498
2	554935
2	554471
2	554225
2	554216
2	553969
2	553785
2	553389
2	552951
2	552606
2	551943
2	551783
2	550260
2	550095
2	548239
2	545626
2	544894
2	543420
2	542907
2	542515
2	542015
2	541797
2	540193
2	539602
2	537732
2	536942
2	536302
2	536010
2	535281
2	533962
2	533895
2	533531
2	533214
2	533191
2	532012
2	532011
2	531360
2	531359
2	530826
2	530825
2	530692
2	530305
2	528950
2	525302
2	525074
2	524915
2	524232
2	521827
2	521826
2	520432
2	519407
2	518439
2	516801
2	516359
2	516083
2	516076
2	515272
2	515026
2	514327
2	514280
2	510583
2	510005
2	509806
2	508555
2	506397
2	506389
2	505894
2	505039
2	503796
2	501689
2	501109
2	500624
2	499041
2	497162
2	497161
2	496892
2	493643
2	490197
2	488043
2	487273
2	486667
2	486323
2	486276
2	486159
2	485763
2	483773
2	482791
2	481852
2	481280
2	481209
2	480201
2	479232
2	478872
2	477725
2	477718
2	476851
2	474441
2	474384
2	474002
2	474001
2	472970
2	472885
2	472542
2	472175
2	472174
2	472003
2	471615
2	470370
2	469910
2	469298
2	467821
2	463861
2	463558
2	461879
2	461803
2	461628
2	460324
2	458065
2	455244
2	454186
2	453545
2	451869
2	451288
2	450954
2	449616
2	449565
2	448752
2	447737
2	446328
2	443888
2	443691
2	442724
2	442387
2	441825
2	441696
2	440448
2	438982
2	438119
2	436833
2	435982
2	434979
2	434359
2	432786
2	431966
2	431699
2	431542
2	428972
2	426287
2	424897
2	424677
2	424294
2	423385
2	423357
2	422853
2	421971
2	421667
2	421549
2	421381
2	421117
2	419678
2	419675
2	419142
2	418949
2	417811
2	416792
2	416431
2	416370
2	416146
2	415854
2	415558
2	415514
2	415418
2	415067
2	414370
2	412551
2	412087
2	410884
2	410650
2	409163
2	409034
2	408853
2	408594
2	408286
2	408285
2	408284
2	407801
2	407204
2	406383
2	405057
2	404388
2	403905
2	403432
2	402322
2	402108
2	401643
2	401404
2	401307
2	400363
2	399891
2	399611
2	398878
2	397725
2	397653
2	396373
2	395755
2	395282
2	394863
2	393722
2	393505
2	393472
2	393456
2	393455
2	393436
2	393336
2	393114
2	392741
2	391060
2	390716
2	389449
2	386762
2	386661
2	386348
2	385696
2	385608
2	385297
2	384723
2	384187
2	383624
2	383621
2	382302
2	381791
2	381397
2	381216
2	380212
2	376423
2	376412
2	375975
2	375771
2	374522
2	374521
2	373691
2	373485
2	373418
2	372581
2	372300
2	371858
2	371217
2	370672
2	369470
2	368768
2	368446
2	366104
2	363206
2	361806
2	361607
2	360841
2	360677
2	360144
2	359923
2	356239
2	355594
2	352363
2	351514
2	351413
2	351270
2	350960
2	350695
2	350461
2	350447
2	349211
2	348908
2	348612
2	348334
2	344979
2	343922
2	343374
2	343137
2	342150
2	342131
2	341955
2	341677
2	339708
2	339526
2	338413
2	338268
2	337632
2	337463
2	336812
2	336517
2	335535
2	335527
2	334537
2	334529
2	334051
2	333875
2	333051
2	332057
2	328833
2	328379
2	328295
2	327730
2	327494
2	326509
2	325323
2	325321
2	323576
2	323057
2	322706
2	321061
2	320737
2	318986
2	318932
2	318791
2	318383
2	318328
2	317780
2	317357
2	315858
2	315759
2	315628
2	315393
2	315096
2	314381
2	314219
2	313677
2	313596
2	313382
2	312606
2	311471
2	311345
2	310368
2	309573
2	309037
2	308462
2	308148
2	306839
2	306498
2	305721
2	305697
2	305195
2	304689
2	304407
2	302834
2	300365
2	300277
2	299856
2	298151
2	297986
2	297254
2	296951
2	296853
2	294294
2	293535
2	293268
2	293169
2	293133
2	292566
2	292275
2	291536
2	290314
2	289678
2	289562
2	289457
2	289429
2	289034
2	288422
2	284363
2	282719
2	281527
2	280852
2	279760
2	278383
2	277534
2	277365
2	277062
2	275714
2	275430
2	275304
2	274167
2	272938
2	271218
2	271209
2	271203
2	270301
2	269838
2	268655
2	267829
2	267486
2	267242
2	267241
2	267235
2	267203
2	266588
2	266583
2	264937
2	263866
2	263155
2	262212
2	262208
2	262138
2	261925
2	260315
2	259950
2	257505
2	257042
2	256285
2	256080
2	255746
2	255586
2	255191
2	254910
2	254568
2	253680
2	253481
2	252746
2	252505
2	252237
2	252231
2	251620
2	251264
2	251246
2	250520
2	250515
2	249300
2	248874
2	248112
2	246529
2	245685
2	244461
2	243591
2	242331
2	240994
2	240743
2	238736
2	236870
2	236860
2	236478
2	235269
2	235092
2	234680
2	234227
2	234222
2	232854
2	232355
2	230363
2	230137
2	229754
2	229752
2	229747
2	228252
2	227536
2	227534
2	227531
2	225900
2	225884
2	225882
2	225443
2	223165
2	222909
2	222595
2	221675
2	220018
2	219163
2	219131
2	217075
2	216509
2	215455
2	215152
2	214905
2	214408
2	214268
2	213531
2	213530
2	213383
2	211934
2	211554
2	210585
2	210396
2	206393
2	206270
2	205254
2	205092
2	204888
2	204824
2	204399
2	203398
2	202602
2	201344
2	200242
2	200082
2	199967
2	199772
2	199771
2	199701
2	199661
2	198948
2	198225
2	197772
2	197206
2	196859
2	194750
2	194431
2	194236
2	193992
2	193980
2	193974
2	193973
2	192960
2	192747
2	191981
2	191734
2	190993
2	190991
2	189768
2	189218
2	187695
2	186717
2	184324
2	183893
2	183479
2	183182
2	182416
2	181825
2	181497
2	180099
2	179241
2	178112
2	177269
2	175987
2	175192
2	174972
2	172747
2	172660
2	171498
2	170999
2	170855
2	170568
2	170416
2	170260
2	169999
2	169282
2	169279
2	169270
2	166758
2	166007
2	166006
2	165996
2	165018
2	164069
2	164062
2	163067
2	162345
2	160568
2	160563
2	160067
2	160060
2	160022
2	160018
2	159548
2	159292
2	157542
2	157540
2	157536
2	156660
2	156320
2	156304
2	156036
2	155923
2	155112
2	154709
2	154433
2	153619
2	153116
2	152546
2	151322
2	151210
2	150781
2	150031
2	149094
2	148675
2	148291
2	146437
2	145996
2	145916
2	145723
2	145412
2	144914
2	144799
2	144390
2	143581
2	141975
2	141972
2	141625
2	141620
2	140875
2	140456
2	140446
2	140436
2	139984
2	139557
2	139086
2	138959
2	138528
2	137955
2	137939
2	136821
2	135632
2	134389
2	133964
2	133327
2	132671
2	132498
2	132496
2	132495
2	131097
2	130778
2	130089
2	129063
2	128762
2	128531
2	126752
2	126367
2	125920
2	125829
2	125449
2	124711
2	124703
2	124503
2	123872
2	123395
2	122049
2	121069
2	119468
2	118058
2	117482
2	116889
2	116888
2	116650
2	116394
2	116393
2	116392
2	116379
2	116375
2	116128
1	823708
1	823707
1	823706
1	823516
1	823514
1	823464
1	823247
1	823245
1	823000
1	822999
1	822484
1	822483
1	822477
1	822227
1	822225
1	821792
1	821438
1	821434
1	821431
1	821430
1	821093
1	820977
1	820806
1	820506
1	820209
1	819955
1	819952
1	819738
1	819735
1	819734
1	819438
1	819434
1	819314
1	819119
1	819118
1	819117
1	819115
1	819114
1	819112
1	818855
1	818542
1	818539
1	818538
1	818246
1	818242
1	817974
1	817972
1	817968
1	817966
1	817964
1	817963
1	817960
1	817693
1	817692
1	817691
1	817689
1	817688
1	817684
1	817683
1	817677
1	817382
1	817379
1	816781
1	816780
1	816777
1	816775
1	816415
1	816409
1	816405
1	816042
1	816038
1	816036
1	815714
1	815711
1	815708
1	815352
1	815345
1	815342
1	815341
1	815015
1	814830
1	814827
1	814825
1	814808
1	814730
1	814725
1	814717
1	814432
1	814425
1	814422
1	814419
1	814120
1	814118
1	813773
1	813512
1	813239
1	813235
1	813007
1	813006
1	812996
1	812995
1	812742
1	812738
1	812505
1	812503
1	812502
1	812501
1	812496
1	812268
1	812266
1	812074
1	812072
1	812071
1	811749
1	811746
1	811745
1	811744
1	811594
1	811339
1	811292
1	811286
1	811284
1	811283
1	811142
1	810986
1	810496
1	810493
1	810491
1	810351
1	810348
1	810346
1	810344
1	810229
1	810225
1	810222
1	810084
1	809904
1	809903
1	809902
1	809769
1	809660
1	809313
1	808780
1	808656
1	808383
1	808371
1	808368
1	808361
1	808357
1	808348
1	808347
1	808339
1	808338
1	808333
1	808329
1	808324
1	808321
1	808058
1	808056
1	808050
1	808049
1	808041
1	808037
1	808032
1	808026
1	808017
1	808011
1	808007
1	808005
1	808002
1	807676
1	807661
1	807658
1	807657
1	807654
1	807653
1	807652
1	807648
1	807630
1	807618
1	807610
1	807599
1	807312
1	807308
1	807306
1	807304
1	807302
1	807297
1	807280
1	807276
1	807275
1	807271
1	807265
1	807262
1	807261
1	806973
1	806970
1	806969
1	806962
1	806961
1	806956
1	806947
1	806766
1	806653
1	806648
1	806644
1	806637
1	806636
1	806634
1	806629
1	806623
1	806606
1	806605
1	806598
1	806597
1	806265
1	806258
1	806255
1	806250
1	806247
1	806243
1	806224
1	806220
1	806219
1	806217
1	806216
1	806199
1	806198
1	806196
1	806194
1	806188
1	805860
1	805857
1	805853
1	805844
1	805597
1	805596
1	805593
1	805590
1	805586
1	805585
1	805340
1	805335
1	805334
1	805331
1	805045
1	805044
1	805042
1	805041
1	805040
1	805039
1	805036
1	805034
1	805026
1	804702
1	804695
1	804694
1	804693
1	804363
1	804359
1	804358
1	803980
1	803979
1	803974
1	803637
1	803340
1	803337
1	803334
1	802989
1	802987
1	802986
1	802635
1	802631
1	802630
1	802393
1	802060
1	801776
1	801775
1	801526
1	801267
1	801265
1	801264
1	801263
1	801259
1	800776
1	800443
1	800315
1	799898
1	799897
1	799854
1	799575
1	798920
1	798715
1	798429
1	798428
1	798424
1	798420
1	797996
1	797995
1	797994
1	797835
1	797834
1	797627
1	797527
1	797427
1	797426
1	797231
1	797228
1	797227
1	797222
1	797218
1	796980
1	796978
1	796437
1	796435
1	796175
1	796173
1	796170
1	796168
1	796165
1	795912
1	795911
1	795908
1	795901
1	795554
1	795224
1	795222
1	795220
1	795219
1	795217
1	795214
1	795213
1	794909
1	794905
1	794904
1	794898
1	794894
1	794889
1	794881
1	794878
1	794531
1	794529
1	794525
1	794517
1	794515
1	794511
1	794185
1	794182
1	794180
1	794169
1	794168
1	794167
1	794165
1	794162
1	794161
1	794159
1	793823
1	793816
1	793484
1	793482
1	793481
1	793479
1	793477
1	793476
1	793169
1	793168
1	793167
1	793160
1	793149
1	792832
1	792508
1	792501
1	792142
1	792134
1	792128
1	791702
1	791695
1	791693
1	791318
1	791317
1	791307
1	791304
1	790949
1	790942
1	790941
1	790939
1	79043
1	789824
1	789823
1	789819
1	789150
1	789147
1	789141
1	789140
1	789138
1	789136
1	789130
1	788867
1	788864
1	788862
1	788328
1	788107
1	787773
1	787727
1	787724
1	787721
1	787267
1	787071
1	787067
1	786907
1	786733
1	786727
1	786599
1	786598
1	786594
1	786590
1	786437
1	786436
1	786307
1	786205
1	786203
1	786042
1	785892
1	785890
1	785732
1	785571
1	785208
1	785204
1	785038
1	785034
1	785033
1	785030
1	784819
1	784573
1	784343
1	783744
1	783740
1	783647
1	783642
1	783641
1	783638
1	783636
1	783552
1	783551
1	783544
1	783425
1	783421
1	783415
1	783414
1	783260
1	783035
1	783032
1	783029
1	783004
1	783002
1	783001
1	782998
1	782993
1	782811
1	782809
1	782613
1	782444
1	782439
1	782242
1	782014
1	782012
1	781772
1	781544
1	781543
1	781068
1	780518
1	780515
1	780116
1	780112
1	780106
1	780100
1	780096
1	780092
1	780091
1	779926
1	779853
1	779848
1	779839
1	779837
1	779834
1	779546
1	779545
1	779544
1	779543
1	779542
1	779541
1	779537
1	779533
1	779531
1	779526
1	779271
1	779258
1	779254
1	779253
1	778903
1	778893
1	778602
1	778600
1	778594
1	778302
1	778297
1	778293
1	777980
1	777978
1	777977
1	777975
1	777603
1	777596
1	777594
1	777592
1	777590
1	777243
1	777240
1	777237
1	777234
1	777233
1	776962
1	776957
1	776955
1	776666
1	776664
1	776659
1	776653
1	776367
1	776362
1	776356
1	776355
1	776040
1	776039
1	776038
1	775769
1	775716
1	775710
1	775709
1	775708
1	775434
1	775428
1	775425
1	775421
1	775420
1	775418
1	775417
1	775415
1	775413
1	775410
1	775408
1	775176
1	775172
1	775170
1	774846
1	774844
1	774840
1	774377
1	774374
1	774225
1	773913
1	773779
1	773677
1	773671
1	773670
1	773666
1	773665
1	773664
1	773274
1	772952
1	772951
1	772597
1	772588
1	772232
1	772229
1	772080
1	772078
1	772076
1	772071
1	771963
1	771884
1	771729
1	771722
1	771721
1	771575
1	771410
1	771335
1	771330
1	771094
1	771089
1	770807
1	770805
1	770629
1	770625
1	770619
1	770270
1	770261
1	770258
1	769818
1	769817
1	769808
1	769807
1	769577
1	769326
1	769321
1	769070
1	769066
1	769057
1	768631
1	768457
1	768366
1	768365
1	768200
1	768096
1	767840
1	767838
1	767836
1	767252
1	767249
1	767211
1	767208
1	767207
1	767206
1	766873
1	766872
1	766869
1	766863
1	766707
1	766434
1	766433
1	766431
1	766429
1	766428
1	766427
1	766426
1	766422
1	766077
1	766076
1	766073
1	766070
1	766068
1	765520
1	765240
1	765236
1	765233
1	765231
1	765225
1	765042
1	765010
1	764755
1	764753
1	764290
1	764286
1	764075
1	764074
1	763836
1	763663
1	763660
1	763447
1	763439
1	763276
1	762952
1	762627
1	762526
1	762523
1	762520
1	762217
1	762081
1	761954
1	761953
1	761949
1	761716
1	761585
1	761409
1	761191
1	760983
1	760982
1	760981
1	760980
1	760805
1	760674
1	760615
1	760610
1	760609
1	760422
1	760415
1	760242
1	760236
1	760230
1	760228
1	760227
1	760226
1	760223
1	760220
1	759941
1	759933
1	759767
1	759763
1	759759
1	759757
1	759755
1	759754
1	759748
1	759549
1	759544
1	759543
1	759542
1	759539
1	759538
1	759294
1	759043
1	758770
1	758475
1	758410
1	758408
1	758407
1	758406
1	758405
1	758404
1	758395
1	758393
1	757041
1	756724
1	756722
1	756275
1	756192
1	756191
1	755945
1	755944
1	755886
1	755767
1	755583
1	755582
1	755552
1	755083
1	754977
1	754976
1	754974
1	754292
1	754291
1	754010
1	753694
1	753692
1	753532
1	752876
1	752777
1	752652
1	752600
1	752488
1	751974
1	751820
1	751447
1	751329
1	751328
1	751327
1	751103
1	751102
1	751087
1	750669
1	750648
1	750472
1	750343
1	750031
1	750030
1	749545
1	748246
1	748243
1	748239
1	748237
1	748226
1	748222
1	748218
1	748217
1	748213
1	748212
1	748202
1	748198
1	748196
1	748190
1	746951
1	746660
1	746647
1	746642
1	746464
1	746463
1	746462
1	746026
1	745944
1	745698
1	745429
1	745337
1	745003
1	744997
1	744996
1	744994
1	744682
1	744681
1	744677
1	744676
1	744675
1	744672
1	744670
1	744334
1	744333
1	744332
1	744329
1	744325
1	743904
1	743900
1	743898
1	743739
1	743515
1	743514
1	743513
1	743512
1	743508
1	743505
1	743504
1	743337
1	743335
1	743116
1	743115
1	742527
1	742525
1	742232
1	742230
1	742227
1	742225
1	742221
1	742009
1	741855
1	741496
1	741308
1	741307
1	741180
1	741148
1	741145
1	741016
1	741014
1	741000
1	740999
1	740998
1	740997
1	740995
1	740683
1	740679
1	740678
1	740677
1	740672
1	740377
1	740371
1	740368
1	740008
1	740003
1	739995
1	739991
1	739990
1	739989
1	739621
1	739620
1	739618
1	739616
1	739615
1	739611
1	739608
1	739605
1	739604
1	739600
1	739597
1	739308
1	739301
1	739293
1	739292
1	739078
1	739075
1	738834
1	738833
1	738832
1	738830
1	738496
1	738332
1	738329
1	738170
1	738167
1	738047
1	738043
1	738039
1	73793
1	737891
1	737886
1	737783
1	737654
1	737549
1	737547
1	737460
1	737371
1	737370
1	736912
1	736911
1	736713
1	736707
1	736355
1	736353
1	736216
1	736078
1	736074
1	735835
1	735717
1	735716
1	735715
1	735714
1	735377
1	735375
1	735372
1	735369
1	735367
1	735208
1	735207
1	735203
1	734959
1	734956
1	734955
1	734953
1	734706
1	734450
1	734167
1	733855
1	733852
1	733850
1	733609
1	733495
1	733232
1	733146
1	732892
1	732891
1	732684
1	732390
1	732388
1	732387
1	732384
1	732380
1	732086
1	732081
1	732080
1	732079
1	732077
1	731785
1	731784
1	731775
1	731471
1	731461
1	731118
1	731109
1	731108
1	731103
1	730877
1	730871
1	730866
1	730861
1	730735
1	730734
1	730315
1	730314
1	730312
1	729973
1	729971
1	729967
1	729400
1	728955
1	728954
1	728952
1	728655
1	728648
1	728228
1	728227
1	728226
1	728225
1	727943
1	727941
1	727940
1	727936
1	727609
1	727608
1	727192
1	726776
1	726765
1	726760
1	726410
1	726098
1	726091
1	726088
1	726087
1	726086
1	726084
1	725680
1	725678
1	725671
1	725080
1	725078
1	725076
1	725072
1	725070
1	725066
1	725061
1	725057
1	724804
1	724800
1	724589
1	724493
1	724491
1	724404
1	724401
1	724400
1	724388
1	724311
1	723978
1	723976
1	723975
1	723965
1	723963
1	723621
1	723620
1	723618
1	723615
1	723613
1	723461
1	723457
1	723220
1	723219
1	723218
1	723216
1	722998
1	722832
1	722829
1	722716
1	722715
1	722555
1	722551
1	722258
1	722257
1	722255
1	722254
1	722105
1	722104
1	721939
1	721937
1	721776
1	721587
1	721584
1	720985
1	720828
1	719718
1	719714
1	719713
1	719712
1	719570
1	719565
1	719380
1	719379
1	719376
1	719375
1	718887
1	718655
1	718651
1	718042
1	718040
1	717830
1	717694
1	717382
1	717069
1	717063
1	717062
1	717061
1	716785
1	716784
1	716783
1	716781
1	716780
1	716778
1	716777
1	716272
1	716189
1	716187
1	715945
1	715695
1	715379
1	715377
1	715373
1	715367
1	715111
1	715109
1	715105
1	715101
1	715099
1	715098
1	714917
1	714909
1	714905
1	714902
1	714898
1	714774
1	714401
1	714194
1	714192
1	713716
1	713715
1	713467
1	713466
1	713143
1	713015
1	712956
1	712807
1	712628
1	712519
1	712304
1	712302
1	712172
1	712171
1	712111
1	711575
1	711573
1	711571
1	711380
1	711375
1	711374
1	711373
1	711370
1	711369
1	710889
1	710750
1	710749
1	710428
1	710106
1	710105
1	710103
1	709759
1	709752
1	709750
1	709666
1	709540
1	709538
1	709536
1	709365
1	709364
1	709275
1	709204
1	709126
1	709125
1	708951
1	708949
1	708947
1	708945
1	708851
1	708778
1	708777
1	708715
1	708633
1	708533
1	708532
1	708519
1	708217
1	708211
1	708210
1	708208
1	708207
1	707991
1	707922
1	707885
1	707878
1	707611
1	707608
1	707606
1	707602
1	707601
1	707294
1	707289
1	707288
1	707285
1	707280
1	707071
1	707069
1	707065
1	706905
1	706904
1	706593
1	706592
1	705887
1	705882
1	705881
1	705875
1	705870
1	705687
1	705630
1	705235
1	705061
1	704905
1	704903
1	704627
1	704479
1	704477
1	704229
1	704228
1	704227
1	704118
1	703984
1	703983
1	703847
1	703846
1	703624
1	703622
1	703618
1	703611
1	703491
1	703177
1	703175
1	703173
1	702507
1	702479
1	702322
1	702151
1	702144
1	701857
1	701631
1	701626
1	701358
1	701097
1	700525
1	700524
1	700312
1	700311
1	700302
1	700066
1	700064
1	700061
1	699804
1	699795
1	699794
1	699793
1	699492
1	699490
1	699488
1	699486
1	699321
1	699009
1	698642
1	698421
1	698248
1	698239
1	698238
1	698235
1	698115
1	698112
1	697947
1	697946
1	697518
1	697061
1	697054
1	697052
1	696719
1	696718
1	696715
1	696714
1	696713
1	696712
1	696710
1	696707
1	696706
1	696358
1	695850
1	695847
1	695805
1	695242
1	695232
1	695059
1	695057
1	694765
1	694029
1	693592
1	693583
1	693582
1	693069
1	693068
1	693066
1	693059
1	692807
1	692633
1	692632
1	692629
1	692221
1	692212
1	692211
1	691900
1	691808
1	691806
1	691805
1	691537
1	691534
1	691525
1	691524
1	691299
1	691187
1	691180
1	691178
1	691177
1	690212
1	690211
1	690210
1	689952
1	689692
1	689677
1	689326
1	689318
1	689161
1	689159
1	689113
1	689022
1	689020
1	688876
1	688875
1	688462
1	688459
1	688457
1	688291
1	688104
1	688103
1	687974
1	687967
1	687535
1	687174
1	686823
1	686685
1	686644
1	686490
1	686482
1	686481
1	686242
1	686042
1	686041
1	685883
1	685643
1	685642
1	685400
1	685393
1	685388
1	685191
1	684468
1	684246
1	683865
1	683864
1	683862
1	683445
1	683442
1	683105
1	683104
1	683102
1	682805
1	682742
1	682740
1	682736
1	682734
1	682733
1	682731
1	682730
1	682725
1	682723
1	682722
1	682720
1	682359
1	682346
1	682339
1	682336
1	682335
1	682334
1	682006
1	682000
1	681997
1	681996
1	681995
1	681994
1	681695
1	681694
1	681692
1	681690
1	681685
1	681293
1	681292
1	681288
1	680460
1	680459
1	680455
1	680454
1	680453
1	680252
1	680151
1	680149
1	680148
1	679798
1	679795
1	679792
1	679494
1	679174
1	679173
1	679171
1	679169
1	679160
1	678797
1	678762
1	678468
1	678427
1	678426
1	678420
1	678418
1	677981
1	677980
1	677917
1	677913
1	677572
1	677568
1	677562
1	677559
1	676581
1	676509
1	676504
1	676448
1	676442
1	676389
1	676229
1	676191
1	676160
1	676159
1	676158
1	676114
1	676113
1	675695
1	675690
1	675600
1	675599
1	675596
1	675593
1	675124
1	675123
1	675122
1	674528
1	674272
1	673671
1	673019
1	672968
1	672967
1	672963
1	672952
1	672947
1	672945
1	672802
1	672687
1	672681
1	672670
1	672533
1	672373
1	672359
1	672356
1	672325
1	672322
1	672042
1	671969
1	671905
1	671882
1	671846
1	671755
1	671754
1	671728
1	671648
1	671103
1	670981
1	670978
1	670977
1	670860
1	670755
1	670753
1	670742
1	670741
1	670592
1	670513
1	670349
1	670315
1	670276
1	670273
1	670260
1	670124
1	670123
1	670054
1	670053
1	670052
1	669947
1	669864
1	669687
1	669588
1	669372
1	669310
1	669309
1	669308
1	669298
1	669243
1	669157
1	669141
1	669054
1	668997
1	668992
1	668991
1	668935
1	668871
1	668648
1	668637
1	668449
1	668448
1	668197
1	668196
1	667855
1	667720
1	667719
1	667718
1	667651
1	667614
1	667557
1	667297
1	667203
1	667135
1	667080
1	667079
1	667078
1	667063
1	666912
1	666911
1	666790
1	666789
1	666552
1	666498
1	666496
1	666464
1	666408
1	666302
1	666282
1	666244
1	666237
1	666227
1	666222
1	666162
1	666091
1	666090
1	666003
1	665997
1	665950
1	665897
1	665890
1	665889
1	665888
1	665885
1	665811
1	665810
1	665807
1	665682
1	665681
1	665635
1	665634
1	665633
1	665602
1	665431
1	665411
1	665396
1	665383
1	665334
1	665268
1	665252
1	665249
1	665226
1	665225
1	665203
1	665200
1	665166
1	665162
1	665160
1	665011
1	664968
1	664967
1	664673
1	664634
1	664583
1	664577
1	664535
1	664460
1	664409
1	664367
1	664280
1	664160
1	664152
1	664085
1	664056
1	664024
1	664023
1	663847
1	663845
1	663844
1	663843
1	663803
1	663802
1	663757
1	663755
1	663683
1	663678
1	663677
1	663638
1	663527
1	663438
1	663312
1	663310
1	662945
1	662944
1	662943
1	662942
1	662784
1	662783
1	662779
1	662724
1	662721
1	662523
1	662328
1	662327
1	662249
1	662247
1	662246
1	662183
1	662181
1	662180
1	662176
1	662049
1	661987
1	661846
1	661843
1	661842
1	661838
1	661819
1	661817
1	661816
1	661806
1	661804
1	661794
1	661152
1	661150
1	661148
1	661141
1	661139
1	661049
1	6607
1	660209
1	660206
1	660203
1	659937
1	659913
1	659332
1	659278
1	659277
1	659276
1	659256
1	659245
1	659244
1	659240
1	658046
1	658012
1	658002
1	657998
1	657976
1	657972
1	657970
1	657968
1	657961
1	657960
1	657888
1	657841
1	657255
1	655912
1	655911
1	655905
1	655903
1	655901
1	655890
1	655887
1	655884
1	655879
1	655875
1	655871
1	655868
1	655866
1	655859
1	655857
1	655460
1	655274
1	654706
1	654702
1	654642
1	654637
1	654636
1	654633
1	654632
1	654631
1	654619
1	654618
1	654615
1	654613
1	654611
1	654608
1	654606
1	654604
1	654599
1	654588
1	653875
1	653874
1	653232
1	653227
1	653077
1	653074
1	653065
1	653062
1	653053
1	653048
1	653047
1	653046
1	653042
1	653028
1	653026
1	653022
1	652167
1	652151
1	651829
1	651825
1	651816
1	650990
1	650784
1	650133
1	649746
1	649741
1	649736
1	649727
1	649721
1	649720
1	649715
1	649713
1	649710
1	649708
1	648418
1	648412
1	648409
1	648209
1	648202
1	648201
1	648196
1	648195
1	648194
1	648192
1	648191
1	648188
1	648183
1	648177
1	648176
1	648171
1	648167
1	648158
1	648156
1	647540
1	647481
1	647480
1	647465
1	647438
1	647432
1	647425
1	647127
1	646925
1	646897
1	646270
1	646269
1	646260
1	646257
1	646245
1	646241
1	646231
1	646208
1	644555
1	644410
1	644401
1	644395
1	644394
1	644391
1	644385
1	644382
1	644373
1	644372
1	644368
1	644364
1	644356
1	644353
1	644028
1	644026
1	644025
1	644024
1	643706
1	643699
1	643681
1	642989
1	642988
1	642982
1	642981
1	642980
1	642979
1	642978
1	642976
1	642974
1	642973
1	642960
1	642955
1	642951
1	642946
1	641462
1	641346
1	641341
1	641337
1	641336
1	641332
1	641331
1	641326
1	641315
1	641314
1	641310
1	641308
1	641306
1	641304
1	641299
1	641298
1	641297
1	641291
1	641287
1	641284
1	641197
1	640395
1	639500
1	639498
1	639495
1	639493
1	639479
1	639478
1	639474
1	639473
1	639470
1	639467
1	639463
1	639458
1	639456
1	639297
1	639296
1	639288
1	639277
1	638926
1	638759
1	637943
1	637791
1	637786
1	637781
1	637779
1	637774
1	637772
1	637771
1	637766
1	637765
1	637763
1	637761
1	637753
1	637752
1	637750
1	637749
1	637746
1	637745
1	636995
1	635617
1	635612
1	635610
1	635609
1	635596
1	635594
1	635591
1	635588
1	635369
1	635234
1	634994
1	634705
1	634704
1	634701
1	634699
1	634698
1	634697
1	634694
1	634689
1	634069
1	634065
1	634058
1	634057
1	634047
1	634043
1	633870
1	633114
1	633113
1	633109
1	632676
1	632670
1	632668
1	632021
1	632017
1	631692
1	631418
1	631416
1	631410
1	630866
1	630436
1	630434
1	630433
1	630432
1	630429
1	630426
1	630425
1	630168
1	630041
1	629860
1	629783
1	629779
1	629775
1	629774
1	629771
1	629767
1	629764
1	629763
1	629761
1	629114
1	629113
1	629107
1	629104
1	629101
1	629100
1	629095
1	629091
1	629089
1	628509
1	628503
1	628497
1	628493
1	628491
1	628158
1	628155
1	628152
1	628150
1	628149
1	628146
1	628141
1	627794
1	627792
1	627417
1	627275
1	627271
1	626682
1	626627
1	626625
1	626624
1	626621
1	626611
1	626608
1	626155
1	625893
1	625892
1	625882
1	625879
1	625875
1	625012
1	625010
1	625007
1	625003
1	624525
1	624521
1	624437
1	624415
1	624413
1	624412
1	624411
1	624405
1	624404
1	624396
1	624388
1	624387
1	624383
1	623939
1	623936
1	623933
1	623932
1	623930
1	623927
1	623925
1	623924
1	623923
1	623328
1	623327
1	623324
1	623318
1	623165
1	622635
1	622527
1	622525
1	622524
1	622523
1	622521
1	622520
1	622519
1	622518
1	622517
1	622508
1	622507
1	622501
1	622028
1	621898
1	621547
1	621449
1	621446
1	621445
1	621444
1	621441
1	621440
1	621183
1	621182
1	621180
1	620904
1	620781
1	619280
1	619256
1	619075
1	619074
1	619050
1	618984
1	618979
1	618974
1	618973
1	618972
1	618969
1	618965
1	618964
1	618962
1	618957
1	618955
1	618953
1	618949
1	618947
1	618760
1	617850
1	616363
1	616124
1	616106
1	616094
1	616084
1	616021
1	615897
1	615765
1	615729
1	615710
1	615684
1	615623
1	615601
1	615588
1	615465
1	615393
1	615322
1	615282
1	615103
1	614955
1	614933
1	614818
1	614812
1	614746
1	614689
1	614556
1	614551
1	614477
1	614408
1	614350
1	614260
1	614259
1	614151
1	614146
1	614113
1	614045
1	613985
1	613976
1	613968
1	613922
1	613883
1	613862
1	613846
1	613840
1	613839
1	613788
1	613698
1	613362
1	613359
1	613323
1	613181
1	613124
1	613116
1	613073
1	612847
1	612732
1	612722
1	612672
1	612642
1	612638
1	612621
1	612461
1	612449
1	612426
1	612423
1	612375
1	612313
1	612303
1	612294
1	612289
1	612273
1	612271
1	612247
1	612235
1	612213
1	612177
1	612158
1	611751
1	611727
1	611715
1	611415
1	611303
1	611100
1	611097
1	610962
1	610895
1	610861
1	610856
1	610820
1	610753
1	610717
1	610709
1	610678
1	610527
1	610515
1	610507
1	610434
1	610341
1	610146
1	610116
1	610109
1	610105
1	610000
1	609970
1	609915
1	609849
1	609815
1	609788
1	609743
1	609584
1	609582
1	609555
1	609369
1	609306
1	609242
1	609204
1	609143
1	609070
1	609007
1	608998
1	608927
1	608921
1	608817
1	608700
1	608519
1	608518
1	608504
1	608395
1	608333
1	608225
1	608216
1	608213
1	608184
1	608164
1	608151
1	608124
1	608112
1	608071
1	608018
1	607934
1	607835
1	607834
1	607833
1	607821
1	607608
1	607605
1	607125
1	607087
1	607085
1	606894
1	606867
1	606861
1	606855
1	606826
1	606639
1	606586
1	606524
1	606516
1	606482
1	606478
1	606386
1	606379
1	606247
1	606216
1	606203
1	605984
1	605980
1	605896
1	605571
1	605073
1	605068
1	604879
1	604872
1	604870
1	604867
1	604859
1	604808
1	604430
1	604416
1	604415
1	604412
1	604227
1	604217
1	604205
1	604197
1	604196
1	604194
1	604112
1	604109
1	604105
1	604092
1	604086
1	603943
1	603916
1	603876
1	603765
1	603559
1	603518
1	603487
1	603469
1	603417
1	603369
1	603328
1	603320
1	603301
1	603288
1	603168
1	603162
1	603022
1	603018
1	602984
1	602982
1	602971
1	602885
1	602882
1	602819
1	602776
1	602725
1	602718
1	602652
1	602588
1	602587
1	602469
1	602357
1	602294
1	602287
1	602286
1	602239
1	602108
1	602090
1	602064
1	602036
1	602035
1	602006
1	601990
1	601964
1	601931
1	601925
1	601898
1	601805
1	601800
1	601706
1	601703
1	601487
1	601472
1	601383
1	601110
1	601087
1	601072
1	600941
1	600926
1	600888
1	600878
1	600808
1	600792
1	600652
1	600564
1	600557
1	600520
1	600501
1	600371
1	600335
1	600326
1	600207
1	600147
1	600101
1	600100
1	600080
1	599967
1	599876
1	599815
1	599706
1	599617
1	599615
1	599512
1	599510
1	599297
1	599296
1	599281
1	599257
1	599173
1	599153
1	598993
1	598989
1	598827
1	598785
1	598752
1	598735
1	598578
1	598522
1	598484
1	598387
1	598385
1	598226
1	597922
1	597767
1	597255
1	597083
1	597077
1	597070
1	597040
1	597036
1	596973
1	596962
1	596958
1	596590
1	596576
1	596569
1	596500
1	596384
1	596191
1	595905
1	595673
1	595541
1	595038
1	594987
1	594886
1	594828
1	594799
1	594786
1	594682
1	594658
1	594644
1	594227
1	594131
1	593882
1	593835
1	593756
1	593307
1	593302
1	593256
1	593244
1	593241
1	593224
1	593167
1	593154
1	592957
1	592840
1	592671
1	592186
1	592171
1	592134
1	592075
1	591970
1	591715
1	591686
1	591635
1	591365
1	591322
1	591275
1	591189
1	591098
1	590916
1	590853
1	590767
1	590712
1	590664
1	590628
1	590618
1	590540
1	590405
1	590403
1	590223
1	590149
1	590094
1	589961
1	589942
1	589779
1	589736
1	589513
1	589511
1	589487
1	589455
1	589451
1	589448
1	589417
1	589416
1	589300
1	589100
1	589043
1	588945
1	588834
1	588804
1	588786
1	588760
1	588759
1	588745
1	588721
1	588652
1	588183
1	587970
1	587914
1	587876
1	587680
1	587664
1	587602
1	587375
1	587092
1	587081
1	587055
1	587034
1	587033
1	586949
1	586853
1	586581
1	586476
1	586397
1	586284
1	586273
1	586189
1	586034
1	586027
1	585966
1	585895
1	585781
1	585696
1	585662
1	585621
1	585617
1	585335
1	585193
1	585112
1	584924
1	584919
1	584752
1	584729
1	584699
1	584670
1	584555
1	584551
1	584545
1	584453
1	584382
1	584378
1	584377
1	584376
1	584373
1	584371
1	584361
1	584359
1	584232
1	584106
1	584003
1	583951
1	583950
1	583946
1	583895
1	583827
1	583650
1	583644
1	583589
1	583563
1	583541
1	583483
1	583479
1	583472
1	583438
1	583435
1	583315
1	583298
1	583285
1	583209
1	583088
1	583085
1	583067
1	583010
1	582947
1	582903
1	582647
1	582630
1	582624
1	582606
1	582575
1	582510
1	582497
1	582478
1	582440
1	582429
1	582331
1	582323
1	582241
1	582099
1	581974
1	581931
1	581923
1	581872
1	581868
1	581849
1	581735
1	581664
1	581648
1	581569
1	581533
1	581530
1	581526
1	581522
1	581499
1	581442
1	581277
1	581232
1	581146
1	581062
1	580927
1	580842
1	580724
1	580700
1	580693
1	580567
1	580447
1	580422
1	580393
1	580329
1	580310
1	580307
1	579872
1	579532
1	579405
1	579323
1	579119
1	579083
1	579069
1	578973
1	578959
1	578825
1	578817
1	578784
1	578274
1	578217
1	578205
1	578163
1	578038
1	578011
1	577976
1	577967
1	577965
1	577963
1	577953
1	577857
1	577721
1	577628
1	577618
1	577598
1	577513
1	577463
1	577462
1	577457
1	577395
1	577343
1	577330
1	577316
1	577292
1	577287
1	577282
1	577188
1	577184
1	576996
1	576953
1	576947
1	576914
1	576880
1	576717
1	576706
1	576652
1	576612
1	576466
1	576367
1	576329
1	576091
1	576067
1	576030
1	575831
1	575804
1	575802
1	575736
1	575711
1	575685
1	575684
1	575683
1	575678
1	575674
1	575644
1	575617
1	575612
1	575609
1	575513
1	575446
1	575437
1	575428
1	575416
1	575394
1	575387
1	575333
1	575327
1	575307
1	575306
1	575254
1	575210
1	575208
1	575186
1	574897
1	574808
1	574760
1	574731
1	574656
1	574615
1	574606
1	574595
1	574542
1	574456
1	574393
1	574392
1	574366
1	574359
1	574322
1	574129
1	574124
1	574032
1	573915
1	573898
1	573897
1	573887
1	573856
1	573808
1	573791
1	573712
1	573676
1	573669
1	573651
1	573569
1	573530
1	573528
1	573510
1	573509
1	573436
1	573278
1	573107
1	573047
1	573037
1	573032
1	572981
1	572975
1	572741
1	572554
1	572542
1	572388
1	572364
1	572360
1	572186
1	572051
1	572001
1	571959
1	571917
1	571760
1	571749
1	571717
1	571481
1	571469
1	571378
1	571377
1	571035
1	570975
1	570954
1	570909
1	570791
1	570704
1	570554
1	570547
1	570538
1	570477
1	570468
1	570428
1	570409
1	570349
1	570335
1	570332
1	570296
1	570289
1	570244
1	570232
1	570205
1	570119
1	570104
1	570077
1	570073
1	570013
1	570011
1	569980
1	569924
1	569922
1	569795
1	569577
1	569527
1	569418
1	569319
1	569286
1	569235
1	569073
1	569068
1	569065
1	568987
1	568965
1	568958
1	568888
1	568883
1	568871
1	568717
1	568713
1	568526
1	568487
1	568412
1	568401
1	568378
1	568336
1	568307
1	568285
1	568190
1	568149
1	568133
1	568051
1	568046
1	567870
1	567623
1	567424
1	567369
1	567214
1	566945
1	566944
1	566941
1	566887
1	566881
1	566879
1	566863
1	566517
1	566378
1	566343
1	566329
1	566320
1	566140
1	566131
1	566114
1	565951
1	565914
1	565913
1	565870
1	565834
1	565784
1	565772
1	565632
1	565554
1	565538
1	565534
1	565510
1	565475
1	565473
1	565427
1	565422
1	565413
1	565399
1	565396
1	565391
1	565346
1	565337
1	565291
1	565258
1	565217
1	565104
1	565101
1	565010
1	564755
1	564706
1	564666
1	564609
1	564576
1	564421
1	564402
1	564385
1	564348
1	564333
1	564323
1	564320
1	564305
1	564240
1	564087
1	564084
1	563956
1	563922
1	563621
1	563555
1	563422
1	563352
1	563287
1	563236
1	562958
1	562901
1	562874
1	562864
1	562741
1	562555
1	562442
1	562327
1	562216
1	562208
1	562199
1	562177
1	562126
1	562122
1	562113
1	562018
1	561876
1	561852
1	561832
1	561763
1	561371
1	561324
1	561221
1	561112
1	561110
1	561003
1	560973
1	560927
1	560838
1	560833
1	560769
1	560732
1	560716
1	560664
1	560645
1	560271
1	560121
1	560084
1	560062
1	560026
1	559945
1	559828
1	559814
1	559722
1	559672
1	559660
1	559659
1	559658
1	559636
1	559618
1	559599
1	559574
1	559464
1	559405
1	559349
1	559307
1	559285
1	559254
1	559205
1	559194
1	559184
1	559164
1	559158
1	559149
1	559148
1	559071
1	558925
1	558901
1	558881
1	558848
1	558798
1	558576
1	558551
1	558546
1	558437
1	558430
1	558429
1	558285
1	558251
1	558240
1	558078
1	558000
1	557950
1	557949
1	557942
1	557925
1	557915
1	557881
1	557856
1	557833
1	557826
1	557824
1	557750
1	557613
1	557593
1	557550
1	557464
1	557368
1	557307
1	557233
1	557228
1	557195
1	557180
1	557140
1	557070
1	556975
1	556833
1	556733
1	556726
1	556689
1	556662
1	556629
1	556627
1	556613
1	556553
1	556501
1	556278
1	556277
1	556206
1	556161
1	556087
1	556054
1	556052
1	556039
1	556038
1	555918
1	555900
1	555889
1	555779
1	555770
1	555768
1	555710
1	555656
1	555641
1	555618
1	555616
1	555607
1	555506
1	555500
1	555398
1	555340
1	555260
1	555149
1	555148
1	555136
1	555088
1	555078
1	555076
1	554977
1	554970
1	554861
1	554849
1	554715
1	554698
1	554685
1	554621
1	554572
1	554285
1	554263
1	554166
1	554146
1	554131
1	554124
1	554074
1	554069
1	554050
1	554043
1	554041
1	554038
1	554018
1	553944
1	553858
1	553807
1	553795
1	553787
1	553761
1	553757
1	553489
1	553451
1	553441
1	553430
1	553328
1	553324
1	553258
1	553257
1	553230
1	553066
1	553055
1	552969
1	552968
1	552607
1	552603
1	552503
1	552448
1	552368
1	552310
1	552297
1	552291
1	552255
1	552251
1	552227
1	552181
1	552044
1	551791
1	551775
1	551770
1	551619
1	551594
1	551574
1	551503
1	551493
1	551491
1	551442
1	551412
1	551361
1	551353
1	551344
1	551120
1	551109
1	551060
1	550966
1	550869
1	550780
1	550722
1	550647
1	550546
1	550484
1	550426
1	550370
1	550364
1	550359
1	550356
1	550286
1	550283
1	550250
1	550093
1	550092
1	550049
1	550045
1	550023
1	549997
1	549996
1	549990
1	549947
1	549919
1	549917
1	549911
1	549649
1	549566
1	549526
1	549515
1	549511
1	549509
1	549503
1	549492
1	549455
1	549429
1	549414
1	549388
1	549358
1	549206
1	549201
1	548975
1	548973
1	548897
1	548837
1	548831
1	548675
1	548497
1	548450
1	548429
1	548374
1	548298
1	548279
1	548193
1	548181
1	548103
1	548079
1	547950
1	547948
1	547816
1	547745
1	547719
1	547708
1	547686
1	547678
1	547639
1	547634
1	547632
1	547510
1	547411
1	547145
1	546969
1	546917
1	546846
1	546801
1	546723
1	546551
1	546497
1	546403
1	546381
1	546218
1	546213
1	546205
1	546204
1	546007
1	545944
1	545881
1	545849
1	545662
1	545657
1	545643
1	545616
1	545614
1	545602
1	545540
1	545538
1	545484
1	545454
1	545384
1	545382
1	545376
1	545334
1	545306
1	545268
1	545252
1	545154
1	545127
1	545126
1	545124
1	545120
1	545102
1	545079
1	545043
1	545011
1	544772
1	544761
1	544713
1	544633
1	544241
1	544140
1	544120
1	544062
1	544060
1	544040
1	544019
1	544018
1	543998
1	543952
1	543551
1	543441
1	543423
1	543162
1	542933
1	542930
1	542910
1	542873
1	542857
1	542759
1	542720
1	542628
1	542583
1	542462
1	542361
1	542309
1	542299
1	542147
1	542018
1	541989
1	541969
1	541941
1	541875
1	541809
1	541783
1	541766
1	541760
1	541723
1	541700
1	541649
1	541646
1	541550
1	541549
1	541530
1	541513
1	541425
1	541414
1	541408
1	541233
1	541075
1	541048
1	540910
1	540758
1	540512
1	540510
1	540482
1	540453
1	540312
1	540209
1	540162
1	540079
1	540067
1	540016
1	539906
1	539874
1	539823
1	539792
1	539694
1	539551
1	539443
1	539375
1	539334
1	539329
1	539321
1	539307
1	539217
1	539213
1	539203
1	539150
1	539130
1	539117
1	539111
1	539025
1	538975
1	538962
1	538953
1	538941
1	538504
1	538404
1	538366
1	538348
1	538250
1	538248
1	538165
1	538003
1	537977
1	537906
1	537846
1	537823
1	537737
1	537730
1	537725
1	537673
1	537543
1	537478
1	537305
1	537301
1	537300
1	537297
1	537249
1	537215
1	537205
1	537170
1	537166
1	537162
1	537161
1	537158
1	537122
1	537002
1	536998
1	536781
1	536769
1	536688
1	536662
1	536605
1	536517
1	536496
1	536491
1	536473
1	536462
1	536298
1	536261
1	536251
1	536161
1	536017
1	536005
1	535942
1	535913
1	535894
1	535718
1	535540
1	535456
1	535342
1	535280
1	535114
1	534988
1	534958
1	534667
1	534666
1	534562
1	534546
1	534542
1	534417
1	534372
1	534371
1	534362
1	534079
1	533896
1	533567
1	533193
1	533192
1	533189
1	532903
1	532902
1	532864
1	532715
1	532610
1	532609
1	532607
1	532454
1	532378
1	532308
1	532307
1	532302
1	532051
1	531848
1	531513
1	531507
1	531361
1	531356
1	531182
1	531181
1	530824
1	530823
1	530822
1	530821
1	530693
1	530691
1	530178
1	530161
1	530105
1	530104
1	530101
1	529916
1	529915
1	529679
1	529678
1	529539
1	529535
1	529512
1	529505
1	529320
1	529319
1	529318
1	529089
1	529037
1	529028
1	529027
1	529026
1	528949
1	528934
1	528933
1	528931
1	528930
1	528927
1	528891
1	528677
1	528429
1	528225
1	528049
1	528046
1	528041
1	528039
1	527996
1	527809
1	527808
1	527806
1	527582
1	527581
1	527382
1	527186
1	527182
1	527169
1	526995
1	526683
1	526680
1	526679
1	526484
1	526483
1	526466
1	526460
1	526458
1	526226
1	526224
1	526223
1	525998
1	525996
1	525737
1	525735
1	525733
1	525732
1	525487
1	525304
1	525301
1	525136
1	525077
1	525073
1	524946
1	524914
1	524913
1	524912
1	524910
1	524906
1	524904
1	524559
1	524546
1	524429
1	524272
1	524270
1	524269
1	524268
1	524242
1	524217
1	524077
1	523931
1	523814
1	523813
1	523515
1	523099
1	522995
1	522993
1	522927
1	522892
1	522553
1	522551
1	522493
1	522425
1	522424
1	522230
1	522229
1	522140
1	522139
1	521981
1	521851
1	521799
1	521368
1	521265
1	521148
1	520435
1	520377
1	520301
1	520105
1	519879
1	519614
1	519482
1	519457
1	519379
1	519156
1	519038
1	518939
1	518307
1	518151
1	518150
1	518002
1	518001
1	517801
1	517799
1	517602
1	517407
1	517366
1	517164
1	517163
1	517162
1	516982
1	516977
1	516802
1	516796
1	516680
1	516624
1	516363
1	516362
1	516361
1	516358
1	516166
1	516077
1	515682
1	515605
1	515604
1	515603
1	515478
1	515333
1	515332
1	515331
1	515283
1	515271
1	515267
1	515262
1	515260
1	515259
1	515034
1	515028
1	515024
1	515020
1	515016
1	515015
1	514695
1	514337
1	514336
1	514328
1	514324
1	514322
1	514319
1	514318
1	514272
1	514269
1	514268
1	514265
1	514258
1	514256
1	513757
1	513752
1	513608
1	513598
1	513386
1	513385
1	513384
1	513382
1	513025
1	513021
1	513020
1	513019
1	513017
1	512830
1	512829
1	512826
1	512822
1	512576
1	512575
1	512574
1	511974
1	511790
1	511353
1	511352
1	511351
1	511272
1	511256
1	511157
1	511156
1	510993
1	510831
1	510582
1	510263
1	510240
1	510198
1	510011
1	509810
1	509808
1	509631
1	508946
1	508507
1	508244
1	507853
1	507811
1	507677
1	507676
1	507673
1	507672
1	507668
1	507557
1	507447
1	507444
1	507350
1	507102
1	506713
1	506555
1	506461
1	506400
1	506283
1	506120
1	506118
1	505895
1	505892
1	505836
1	505338
1	505334
1	505166
1	505038
1	505037
1	504755
1	504653
1	504652
1	504573
1	504572
1	504568
1	504567
1	504566
1	504323
1	504062
1	503793
1	503791
1	503710
1	503704
1	503552
1	503434
1	503210
1	503123
1	502762
1	502633
1	502477
1	502476
1	502204
1	502203
1	502166
1	502164
1	501976
1	501704
1	501541
1	501538
1	501361
1	501360
1	501358
1	500932
1	500931
1	500625
1	500249
1	500079
1	499396
1	499347
1	499052
1	499049
1	499045
1	499043
1	498257
1	498069
1	497587
1	497582
1	497470
1	497319
1	496893
1	496500
1	496382
1	496286
1	496123
1	496122
1	495994
1	495708
1	495551
1	495535
1	494825
1	494616
1	493989
1	493645
1	493644
1	493544
1	492170
1	491814
1	491765
1	491764
1	491726
1	491721
1	491613
1	491566
1	491562
1	491488
1	491487
1	491486
1	491261
1	491145
1	490800
1	490650
1	490565
1	490564
1	490196
1	490194
1	490193
1	489917
1	489823
1	489595
1	489528
1	489358
1	489294
1	488640
1	488637
1	488636
1	488504
1	488503
1	488501
1	488491
1	488327
1	488323
1	488179
1	488028
1	487840
1	487180
1	486671
1	486669
1	486666
1	486619
1	486472
1	486186
1	485882
1	485409
1	485403
1	485266
1	485244
1	485243
1	485073
1	485071
1	484966
1	484748
1	484612
1	484312
1	484172
1	484171
1	484169
1	483901
1	483900
1	483898
1	483714
1	483624
1	483266
1	482980
1	482698
1	482521
1	482301
1	482184
1	481917
1	481344
1	481343
1	481341
1	480816
1	480406
1	480391
1	480302
1	479857
1	479455
1	479354
1	478874
1	478731
1	478438
1	477973
1	477867
1	477814
1	477791
1	477645
1	477093
1	477009
1	476852
1	476699
1	476604
1	476558
1	476231
1	475500
1	475499
1	475498
1	475305
1	475302
1	475300
1	475101
1	475100
1	475099
1	474883
1	474881
1	474782
1	474688
1	474659
1	474546
1	474386
1	474198
1	474003
1	473999
1	473997
1	473996
1	473995
1	473751
1	473575
1	473417
1	473414
1	473208
1	473198
1	473197
1	473171
1	472971
1	472968
1	472965
1	472888
1	472886
1	472717
1	472715
1	472545
1	472541
1	472404
1	472403
1	472375
1	472172
1	472121
1	472114
1	472006
1	472005
1	472001
1	471810
1	471808
1	471805
1	471802
1	471616
1	471415
1	471355
1	471351
1	471349
1	471196
1	470723
1	470722
1	470495
1	470493
1	470368
1	470064
1	469917
1	469915
1	469905
1	469696
1	469562
1	469297
1	469121
1	468671
1	468632
1	468277
1	468119
1	467987
1	467980
1	467978
1	467977
1	467820
1	467675
1	466995
1	466821
1	466624
1	466613
1	466609
1	466600
1	466472
1	466392
1	466180
1	466177
1	466154
1	466153
1	466138
1	466132
1	466027
1	465960
1	465733
1	465588
1	465587
1	465548
1	465546
1	465543
1	465234
1	465232
1	465068
1	464959
1	464861
1	464108
1	463978
1	463929
1	463559
1	463557
1	463480
1	463179
1	462957
1	462950
1	462820
1	462670
1	462660
1	462658
1	462394
1	461881
1	461878
1	461627
1	461435
1	461433
1	461050
1	460514
1	460326
1	460325
1	460322
1	460211
1	459928
1	459713
1	459573
1	459435
1	459034
1	459033
1	459032
1	458871
1	458869
1	458457
1	458451
1	458375
1	458373
1	458277
1	457426
1	457249
1	457089
1	457088
1	456982
1	456890
1	456335
1	456064
1	455685
1	455484
1	455483
1	455482
1	455481
1	454935
1	454237
1	454076
1	453807
1	453754
1	453362
1	453243
1	453012
1	452911
1	452661
1	452660
1	452659
1	452533
1	452327
1	452220
1	452133
1	451974
1	451867
1	451721
1	451672
1	451667
1	451665
1	451660
1	451585
1	451531
1	451303
1	451302
1	451296
1	451294
1	451292
1	451290
1	451289
1	451162
1	450805
1	450576
1	450411
1	450398
1	450267
1	450262
1	450040
1	449754
1	449615
1	449562
1	449503
1	448915
1	448914
1	448913
1	448599
1	448283
1	448195
1	448120
1	448119
1	447479
1	447172
1	447169
1	446900
1	446337
1	446326
1	446167
1	445882
1	445215
1	444864
1	444714
1	444595
1	444479
1	444341
1	444340
1	443697
1	443695
1	443693
1	443644
1	443556
1	442959
1	442885
1	442725
1	442722
1	442484
1	442195
1	442190
1	442167
1	441957
1	441694
1	441421
1	441420
1	441419
1	441418
1	441415
1	441386
1	441360
1	441311
1	440931
1	440174
1	440075
1	439869
1	439865
1	439537
1	438912
1	438698
1	438697
1	438550
1	438259
1	438120
1	437810
1	437807
1	437794
1	437610
1	437462
1	437459
1	436955
1	436953
1	436846
1	436839
1	436836
1	436714
1	436622
1	436418
1	436352
1	436310
1	436308
1	436305
1	436129
1	435985
1	435978
1	435931
1	435930
1	435721
1	435720
1	435719
1	435643
1	435560
1	435559
1	435403
1	435250
1	435093
1	435089
1	434981
1	434923
1	434729
1	434469
1	434441
1	434249
1	434244
1	434164
1	434163
1	434101
1	434100
1	434098
1	434091
1	434032
1	433808
1	433807
1	433805
1	433559
1	433417
1	433415
1	433409
1	433385
1	433218
1	433216
1	432997
1	432966
1	432784
1	432782
1	432547
1	432542
1	432371
1	432321
1	432319
1	432156
1	432155
1	432154
1	431968
1	431768
1	431764
1	431763
1	431762
1	431761
1	431546
1	431426
1	431325
1	431324
1	431116
1	429920
1	429819
1	429706
1	429488
1	429323
1	428572
1	428483
1	428344
1	427791
1	427601
1	427311
1	427147
1	426877
1	426875
1	426799
1	426711
1	426203
1	426200
1	426198
1	426109
1	426063
1	425742
1	425683
1	425501
1	425500
1	425498
1	425312
1	425234
1	424788
1	424675
1	424485
1	424458
1	424377
1	424267
1	424159
1	424037
1	423829
1	423823
1	423775
1	423773
1	423616
1	423347
1	423224
1	423123
1	423090
1	423017
1	422914
1	422913
1	422854
1	422659
1	422658
1	422421
1	422334
1	421973
1	421802
1	421801
1	421664
1	421663
1	421356
1	421204
1	421058
1	420923
1	420498
1	420376
1	420375
1	420190
1	420188
1	420149
1	419844
1	419784
1	419716
1	419522
1	419521
1	419515
1	419480
1	419145
1	419143
1	418952
1	418950
1	418402
1	417894
1	417820
1	417474
1	417472
1	417470
1	417469
1	417467
1	417464
1	417449
1	417345
1	417303
1	417295
1	417291
1	417284
1	417281
1	417279
1	417030
1	416873
1	416570
1	416568
1	416372
1	416371
1	416192
1	416191
1	416190
1	416189
1	416143
1	416141
1	416105
1	416018
1	416016
1	416015
1	415901
1	415832
1	415610
1	415609
1	415608
1	415559
1	415516
1	415409
1	415209
1	415159
1	415100
1	414675
1	414613
1	414608
1	414519
1	414508
1	414465
1	414254
1	413944
1	413856
1	413855
1	413839
1	413759
1	413699
1	413575
1	413572
1	413443
1	413433
1	413414
1	413364
1	413228
1	413073
1	412907
1	412906
1	412905
1	412707
1	412703
1	412447
1	412091
1	412089
1	411968
1	411963
1	411863
1	411839
1	411837
1	411836
1	411793
1	411712
1	411371
1	411370
1	411369
1	411315
1	411155
1	411153
1	411151
1	410990
1	410546
1	410469
1	410463
1	410130
1	410129
1	410046
1	410005
1	409989
1	409489
1	409365
1	409308
1	408849
1	408788
1	408776
1	408775
1	408593
1	408592
1	408514
1	408439
1	408318
1	408283
1	408280
1	408279
1	408128
1	407812
1	407802
1	407739
1	407494
1	407492
1	407485
1	407203
1	406949
1	406848
1	406773
1	406765
1	406581
1	406580
1	406575
1	406515
1	406288
1	406270
1	406267
1	406262
1	406258
1	406114
1	406107
1	405923
1	405920
1	405917
1	405869
1	405776
1	405753
1	405751
1	405750
1	405749
1	405675
1	405673
1	405612
1	405608
1	405437
1	405277
1	405273
1	405269
1	405044
1	405043
1	404830
1	404450
1	404406
1	404327
1	404037
1	403902
1	403900
1	403892
1	403881
1	403878
1	403869
1	403562
1	403428
1	403344
1	403340
1	403283
1	403278
1	403276
1	403206
1	403062
1	402861
1	402830
1	402827
1	402767
1	402766
1	402765
1	402466
1	402464
1	402325
1	402320
1	402300
1	402201
1	402165
1	402078
1	401977
1	401924
1	401923
1	401870
1	401867
1	401851
1	401850
1	401713
1	401401
1	401400
1	401308
1	401226
1	401024
1	400838
1	400772
1	400732
1	400497
1	400446
1	400362
1	400256
1	400255
1	400254
1	4002
1	399950
1	399928
1	399889
1	399887
1	399882
1	399833
1	399806
1	399659
1	399331
1	398879
1	397914
1	397759
1	397726
1	397483
1	397017
1	396900
1	396759
1	396569
1	396563
1	396374
1	396370
1	396174
1	396173
1	396044
1	395952
1	395949
1	395558
1	395404
1	395285
1	395281
1	394727
1	394724
1	394644
1	394388
1	394014
1	394013
1	393710
1	393554
1	393509
1	393507
1	393495
1	393493
1	393492
1	393491
1	393485
1	393483
1	393482
1	393481
1	393478
1	393476
1	393475
1	393474
1	393473
1	393470
1	393469
1	393467
1	393464
1	393463
1	393461
1	393458
1	393449
1	393346
1	393341
1	393338
1	393337
1	393122
1	393118
1	393117
1	393113
1	392825
1	392822
1	392468
1	392467
1	392385
1	392380
1	392153
1	392151
1	392047
1	391794
1	391548
1	391543
1	391443
1	391110
1	390971
1	390914
1	390912
1	390911
1	390770
1	390686
1	390625
1	390614
1	390512
1	390417
1	390201
1	390104
1	390101
1	389976
1	389844
1	389842
1	389840
1	389797
1	389698
1	389697
1	389562
1	389454
1	389453
1	389430
1	389190
1	389189
1	388775
1	388366
1	388333
1	388332
1	388329
1	387784
1	387581
1	387580
1	387479
1	387248
1	386839
1	386801
1	386763
1	386306
1	386213
1	386102
1	386047
1	386046
1	386045
1	385852
1	385698
1	385695
1	385694
1	385629
1	385469
1	385365
1	384844
1	384631
1	384622
1	384534
1	384533
1	383963
1	383883
1	383857
1	383847
1	383713
1	383527
1	383487
1	383486
1	383332
1	383293
1	383291
1	383214
1	383188
1	382883
1	382842
1	382738
1	382590
1	382454
1	382240
1	382234
1	382209
1	382013
1	381948
1	381882
1	381881
1	381880
1	381402
1	381398
1	381248
1	381217
1	381181
1	381180
1	381151
1	381096
1	380960
1	380957
1	380956
1	380723
1	380593
1	380295
1	380294
1	380275
1	380219
1	380214
1	380141
1	380069
1	380066
1	379969
1	379968
1	379915
1	379569
1	379548
1	379545
1	379543
1	379542
1	379540
1	379539
1	379447
1	379330
1	379328
1	379325
1	379269
1	379268
1	379242
1	378969
1	378968
1	378832
1	378825
1	378795
1	378684
1	378676
1	378489
1	378488
1	378485
1	378348
1	378302
1	378134
1	378131
1	378081
1	378005
1	377984
1	377930
1	377929
1	377880
1	377783
1	377424
1	377326
1	377160
1	377159
1	376909
1	376433
1	376237
1	375830
1	375829
1	375587
1	375586
1	375560
1	375559
1	375027
1	375026
1	375023
1	375022
1	374931
1	374928
1	374613
1	374433
1	374384
1	374348
1	374063
1	374008
1	373858
1	373803
1	373802
1	373801
1	373799
1	373796
1	373795
1	373787
1	373486
1	373416
1	373267
1	373191
1	373189
1	373056
1	372879
1	372839
1	372752
1	372663
1	372662
1	372297
1	372108
1	372040
1	372039
1	372038
1	372035
1	371860
1	371851
1	371844
1	371815
1	371743
1	371586
1	371365
1	371221
1	371218
1	371170
1	371131
1	371044
1	371043
1	370919
1	370918
1	370834
1	370833
1	370671
1	370487
1	370438
1	370437
1	370434
1	370374
1	370049
1	369974
1	369973
1	369349
1	369109
1	369026
1	369025
1	369023
1	368774
1	368773
1	368772
1	368430
1	368309
1	368157
1	368087
1	368086
1	368043
1	368042
1	367916
1	367700
1	367357
1	367072
1	367011
1	366962
1	366937
1	366933
1	366932
1	366788
1	366787
1	366782
1	366773
1	366772
1	366771
1	366770
1	366768
1	366717
1	366676
1	366510
1	366473
1	366336
1	366297
1	366285
1	366261
1	366236
1	366107
1	366083
1	366082
1	366079
1	366004
1	366002
1	365642
1	365081
1	365079
1	365078
1	365077
1	365076
1	365015
1	365014
1	364806
1	364643
1	364596
1	364588
1	364503
1	364482
1	364477
1	364462
1	364288
1	364178
1	364175
1	364094
1	363763
1	363761
1	363642
1	363641
1	363638
1	363637
1	363636
1	363635
1	363423
1	363346
1	363229
1	363148
1	363146
1	363047
1	363045
1	363012
1	362963
1	362956
1	362892
1	362719
1	362555
1	362491
1	362490
1	362325
1	362304
1	362101
1	362016
1	362015
1	361807
1	361804
1	361770
1	361696
1	361692
1	361651
1	361650
1	361649
1	361585
1	361241
1	361239
1	361034
1	360763
1	360762
1	360648
1	360514
1	360145
1	359924
1	359922
1	359753
1	359751
1	359646
1	359479
1	359008
1	358962
1	358912
1	358841
1	358840
1	358812
1	358811
1	358773
1	358614
1	358449
1	358344
1	358343
1	358307
1	358138
1	357827
1	357646
1	357393
1	357276
1	357225
1	357061
1	356814
1	356738
1	356737
1	356359
1	356129
1	356126
1	356125
1	355831
1	355761
1	355584
1	355336
1	355285
1	355209
1	355076
1	355004
1	354800
1	354701
1	354474
1	353873
1	353744
1	353743
1	353608
1	353067
1	353066
1	352945
1	352878
1	352852
1	352770
1	352638
1	352592
1	352555
1	352498
1	352437
1	352405
1	352403
1	352362
1	351818
1	351682
1	351440
1	351439
1	351430
1	351366
1	351330
1	351215
1	351022
1	350865
1	350578
1	350463
1	350262
1	350098
1	350097
1	350090
1	349614
1	349367
1	349214
1	349180
1	349031
1	349030
1	348907
1	348832
1	348744
1	348742
1	348738
1	348737
1	348669
1	348663
1	348610
1	348608
1	348536
1	348449
1	348448
1	348349
1	348337
1	348223
1	348001
1	348000
1	347998
1	347715
1	347633
1	347523
1	347126
1	346949
1	346858
1	346570
1	346513
1	346512
1	346335
1	346186
1	346077
1	345430
1	345238
1	344906
1	344834
1	344800
1	344507
1	344505
1	344223
1	344068
1	344067
1	343853
1	343203
1	343136
1	342994
1	342992
1	342831
1	342825
1	342780
1	342426
1	342424
1	342255
1	342254
1	342253
1	342252
1	342134
1	342132
1	342045
1	341956
1	341846
1	341807
1	341699
1	341380
1	341108
1	340576
1	340300
1	340299
1	340263
1	340202
1	339554
1	339461
1	339070
1	338918
1	338746
1	338683
1	338524
1	338520
1	337788
1	337785
1	337774
1	337500
1	337367
1	337366
1	337342
1	337096
1	336916
1	336852
1	336818
1	336718
1	336610
1	336516
1	336433
1	336033
1	335931
1	335767
1	335737
1	335687
1	335534
1	335510
1	335487
1	335348
1	335344
1	335273
1	335272
1	335089
1	335004
1	334920
1	334892
1	334797
1	334796
1	334624
1	334623
1	334448
1	334433
1	334318
1	334309
1	334234
1	334232
1	334231
1	334147
1	334049
1	333866
1	333758
1	333757
1	333669
1	333636
1	333571
1	333427
1	333426
1	333424
1	333305
1	333244
1	332553
1	332449
1	332354
1	332352
1	332350
1	332141
1	332139
1	332138
1	332058
1	331834
1	331822
1	331478
1	331474
1	331333
1	331332
1	331248
1	331212
1	330967
1	330160
1	329938
1	329937
1	329931
1	329833
1	329830
1	329827
1	329579
1	329179
1	328943
1	328942
1	328837
1	328741
1	328471
1	328369
1	328300
1	328297
1	328170
1	328071
1	328069
1	327847
1	327846
1	327787
1	327764
1	327557
1	327463
1	327203
1	327148
1	327079
1	327059
1	326863
1	326861
1	326686
1	326574
1	326501
1	326217
1	326007
1	326005
1	325702
1	325701
1	325700
1	325697
1	325696
1	325509
1	325437
1	325333
1	325332
1	325114
1	325112
1	325108
1	325105
1	325027
1	324783
1	324737
1	324734
1	324535
1	324533
1	324253
1	324171
1	324170
1	324106
1	323987
1	323747
1	323746
1	323745
1	323679
1	323636
1	323449
1	323324
1	323084
1	322854
1	322652
1	322650
1	322649
1	322648
1	322646
1	322645
1	322563
1	322492
1	322355
1	322348
1	321975
1	321974
1	321972
1	321651
1	321650
1	321348
1	321347
1	321345
1	321341
1	321336
1	321060
1	320903
1	320734
1	320733
1	320532
1	320257
1	320109
1	320036
1	320035
1	319986
1	319878
1	319831
1	319828
1	319827
1	319728
1	319584
1	319328
1	319251
1	319062
1	319029
1	318930
1	318929
1	318790
1	318666
1	318646
1	318382
1	318331
1	318222
1	318114
1	318048
1	317781
1	317726
1	317696
1	317635
1	317282
1	317121
1	316989
1	316988
1	316987
1	316835
1	316628
1	316322
1	316112
1	315757
1	315756
1	315631
1	315499
1	315498
1	315496
1	315434
1	315385
1	315234
1	315101
1	314960
1	314874
1	314872
1	314768
1	314447
1	314189
1	314095
1	313962
1	313829
1	313676
1	313597
1	313222
1	313095
1	313091
1	313043
1	312762
1	312760
1	312609
1	312417
1	312416
1	312203
1	312202
1	312164
1	311992
1	311645
1	311400
1	311061
1	311059
1	310691
1	310539
1	310182
1	310147
1	309782
1	309198
1	309060
1	309059
1	308912
1	308911
1	308910
1	308642
1	308571
1	308568
1	308397
1	308353
1	308352
1	307948
1	307941
1	307858
1	307622
1	307555
1	307497
1	307367
1	307331
1	307285
1	307284
1	307278
1	307170
1	307037
1	307033
1	307030
1	307025
1	307007
1	307006
1	307003
1	306911
1	306899
1	306813
1	306621
1	306559
1	306541
1	306539
1	306504
1	306502
1	306451
1	306200
1	305884
1	305736
1	305649
1	305513
1	305457
1	305379
1	305303
1	304978
1	304822
1	304366
1	304248
1	303787
1	303312
1	302980
1	302903
1	302835
1	302713
1	302582
1	302516
1	302064
1	302061
1	302060
1	301925
1	301789
1	301750
1	301745
1	301577
1	301307
1	301256
1	301192
1	300692
1	300405
1	300268
1	300149
1	300120
1	300119
1	299855
1	299337
1	299333
1	299318
1	299118
1	299026
1	298601
1	298569
1	298207
1	297813
1	297790
1	297560
1	297559
1	297255
1	297245
1	297152
1	296949
1	296856
1	296787
1	296746
1	296744
1	296741
1	296537
1	296478
1	296397
1	296358
1	296118
1	296062
1	296021
1	295837
1	295836
1	295076
1	294793
1	294791
1	294689
1	294671
1	294588
1	294556
1	294527
1	294501
1	294322
1	294321
1	294259
1	294183
1	294148
1	294100
1	294014
1	293961
1	293908
1	293866
1	293812
1	293477
1	293391
1	293269
1	293223
1	293132
1	293131
1	293040
1	293038
1	292847
1	292709
1	292565
1	292564
1	292509
1	292505
1	292504
1	292492
1	292491
1	292076
1	292075
1	292013
1	292012
1	291832
1	291831
1	291685
1	291378
1	291223
1	291222
1	291147
1	291143
1	291012
1	290741
1	290317
1	290316
1	290150
1	290103
1	290077
1	289752
1	289267
1	289038
1	288846
1	288741
1	288460
1	288457
1	288454
1	288447
1	288444
1	288437
1	288436
1	288429
1	288425
1	288423
1	287995
1	287987
1	287982
1	287978
1	287545
1	287169
1	287163
1	287161
1	287147
1	287145
1	287144
1	286878
1	286877
1	286876
1	286873
1	286868
1	286867
1	286865
1	286747
1	286693
1	286036
1	285882
1	285878
1	285877
1	285876
1	285719
1	285652
1	285643
1	285489
1	284833
1	284782
1	284778
1	284774
1	284773
1	284771
1	284770
1	284767
1	284766
1	284505
1	284465
1	284357
1	284354
1	284353
1	284349
1	284061
1	283944
1	283476
1	283460
1	283228
1	283172
1	283025
1	283024
1	282721
1	282399
1	282247
1	282236
1	282053
1	281870
1	281867
1	281547
1	281541
1	281532
1	281525
1	281524
1	281523
1	281333
1	280851
1	280742
1	280546
1	280287
1	280186
1	280182
1	280181
1	280180
1	279894
1	279809
1	279800
1	279793
1	279679
1	279624
1	279618
1	279617
1	279616
1	279460
1	279457
1	279221
1	278994
1	278991
1	278988
1	278751
1	278576
1	278542
1	278413
1	278412
1	278409
1	278406
1	278404
1	278314
1	277999
1	277956
1	277953
1	277951
1	277873
1	277657
1	277460
1	277361
1	277065
1	277060
1	277058
1	277057
1	276699
1	276221
1	276210
1	276207
1	276199
1	276192
1	276191
1	276182
1	275732
1	275729
1	275716
1	275715
1	275712
1	275711
1	275706
1	275426
1	275309
1	275301
1	275295
1	275292
1	275291
1	275230
1	275156
1	275013
1	274984
1	274527
1	274513
1	274510
1	274504
1	274496
1	274495
1	274279
1	274171
1	274168
1	274162
1	274161
1	274159
1	274154
1	273819
1	273708
1	273703
1	273701
1	273699
1	273202
1	273125
1	273121
1	273120
1	273118
1	273116
1	273001
1	272940
1	272934
1	272922
1	272767
1	272402
1	272400
1	272399
1	272390
1	272389
1	272370
1	271924
1	271798
1	271797
1	271680
1	271677
1	271221
1	271220
1	271219
1	271197
1	271195
1	271194
1	271190
1	271005
1	270431
1	270427
1	270407
1	270402
1	270400
1	270399
1	270398
1	270395
1	270322
1	270321
1	270319
1	270318
1	270315
1	270307
1	270298
1	270296
1	270289
1	270225
1	270223
1	270221
1	270220
1	270215
1	270210
1	270085
1	269802
1	269801
1	269799
1	269791
1	269781
1	269779
1	269482
1	269390
1	268813
1	268784
1	268626
1	268594
1	268534
1	267875
1	267856
1	267851
1	267843
1	267842
1	267840
1	267834
1	267819
1	267786
1	267489
1	267487
1	267484
1	267265
1	267264
1	267263
1	267262
1	267257
1	267253
1	267249
1	267244
1	267243
1	267236
1	267081
1	267079
1	267078
1	267076
1	267069
1	266589
1	266586
1	266568
1	266567
1	266563
1	266512
1	266499
1	266494
1	266492
1	266416
1	266181
1	266179
1	266143
1	265539
1	265506
1	265490
1	265385
1	264945
1	264943
1	264939
1	264934
1	264925
1	264920
1	264917
1	264905
1	264895
1	264684
1	264568
1	264373
1	264095
1	264091
1	264090
1	263432
1	263430
1	263428
1	263427
1	263424
1	263423
1	263422
1	263421
1	263420
1	263419
1	263231
1	263162
1	262836
1	262832
1	262827
1	262214
1	262205
1	262187
1	261924
1	261331
1	261160
1	261025
1	260718
1	260714
1	260316
1	259965
1	259961
1	259960
1	259958
1	259951
1	259563
1	259562
1	259556
1	259549
1	259547
1	259179
1	258794
1	258792
1	258791
1	258473
1	258472
1	258398
1	258115
1	258107
1	258105
1	258103
1	258102
1	257830
1	257827
1	257237
1	257176
1	257039
1	256475
1	256474
1	256290
1	256081
1	256078
1	255743
1	255589
1	255584
1	255582
1	255459
1	255310
1	255196
1	255193
1	255190
1	255074
1	255073
1	255072
1	255068
1	255061
1	254915
1	254912
1	254908
1	254904
1	254727
1	254717
1	254715
1	254713
1	254712
1	254567
1	254431
1	254430
1	254429
1	254421
1	254226
1	254224
1	254218
1	254217
1	254215
1	254207
1	253952
1	253949
1	253947
1	253944
1	253689
1	253688
1	253684
1	253682
1	253497
1	253486
1	253485
1	253479
1	253478
1	253244
1	253241
1	253025
1	253017
1	252776
1	252769
1	252768
1	252766
1	252761
1	252759
1	252758
1	252757
1	252753
1	252751
1	252750
1	252748
1	252747
1	252499
1	252496
1	252490
1	252248
1	252242
1	252240
1	252238
1	252228
1	251958
1	251955
1	251954
1	251953
1	251951
1	251950
1	251948
1	251947
1	251939
1	251938
1	251623
1	251614
1	251611
1	251456
1	251308
1	251270
1	251262
1	251252
1	251250
1	251247
1	251243
1	250964
1	250955
1	250954
1	250953
1	250950
1	250942
1	250528
1	250527
1	250525
1	250524
1	250523
1	250521
1	250519
1	250512
1	250511
1	250510
1	250283
1	250126
1	250125
1	250124
1	250118
1	250116
1	250115
1	249705
1	249704
1	249700
1	249699
1	249698
1	249696
1	249306
1	249303
1	249302
1	249301
1	249299
1	249297
1	249294
1	249291
1	249290
1	249004
1	248888
1	248886
1	248885
1	248879
1	248873
1	248478
1	248475
1	248473
1	248469
1	248465
1	248275
1	247703
1	247557
1	247478
1	247283
1	246925
1	246924
1	246829
1	246539
1	246533
1	246532
1	246125
1	246124
1	246120
1	245951
1	245914
1	245689
1	245683
1	245363
1	245356
1	245355
1	245354
1	245062
1	245030
1	245028
1	245025
1	245021
1	245020
1	245019
1	244745
1	244744
1	244743
1	244734
1	244094
1	243854
1	243590
1	243589
1	243588
1	243587
1	243410
1	242765
1	242541
1	242334
1	242333
1	241897
1	241896
1	241895
1	241894
1	241771
1	241769
1	241633
1	241631
1	241627
1	241626
1	241487
1	241430
1	241233
1	241230
1	240995
1	240993
1	240903
1	240749
1	240742
1	240741
1	240485
1	239985
1	239734
1	239117
1	239112
1	238837
1	238733
1	238367
1	238365
1	238325
1	238164
1	238045
1	238041
1	238039
1	238037
1	237681
1	237678
1	237677
1	237674
1	237307
1	237306
1	237304
1	237303
1	237298
1	237297
1	237296
1	237295
1	237293
1	237292
1	237289
1	237288
1	237286
1	237285
1	237284
1	237281
1	237055
1	236878
1	236876
1	236872
1	236869
1	236865
1	236863
1	236861
1	236715
1	236484
1	236481
1	236479
1	236477
1	236475
1	236473
1	236471
1	236470
1	236467
1	236466
1	236463
1	236091
1	236086
1	236084
1	236082
1	236080
1	236077
1	235579
1	235570
1	235569
1	235567
1	235566
1	235564
1	235312
1	235213
1	235102
1	235098
1	235097
1	235094
1	234681
1	234678
1	234676
1	234663
1	234654
1	234232
1	234231
1	234230
1	234228
1	234226
1	234221
1	233800
1	233799
1	233798
1	233795
1	233794
1	233786
1	233784
1	233349
1	233341
1	233324
1	233251
1	232850
1	232844
1	232381
1	232380
1	232377
1	232375
1	232369
1	232368
1	232367
1	232366
1	232364
1	232362
1	232357
1	232105
1	231940
1	231471
1	231407
1	231404
1	231403
1	231401
1	231399
1	231397
1	231396
1	231312
1	231269
1	230874
1	230873
1	230871
1	230870
1	230869
1	230867
1	230865
1	230864
1	230511
1	230508
1	230132
1	230130
1	229937
1	229757
1	229755
1	229750
1	229743
1	229742
1	229358
1	229357
1	228977
1	228817
1	228814
1	228592
1	228591
1	228253
1	228092
1	227529
1	227311
1	227131
1	227130
1	226669
1	226665
1	226663
1	226658
1	226655
1	226654
1	226651
1	226517
1	226513
1	226512
1	226309
1	226305
1	226108
1	226107
1	225901
1	225898
1	225897
1	225892
1	225891
1	225889
1	225883
1	225880
1	225878
1	225877
1	225673
1	225444
1	225430
1	224960
1	224650
1	224362
1	224052
1	224049
1	224047
1	223900
1	223756
1	223755
1	223749
1	223747
1	223744
1	223741
1	223446
1	223445
1	223163
1	223162
1	223146
1	222907
1	222785
1	222593
1	222591
1	222588
1	222238
1	222235
1	222234
1	222228
1	222226
1	222223
1	221907
1	221902
1	221899
1	221679
1	221531
1	221345
1	221343
1	221342
1	221340
1	221339
1	221337
1	221335
1	221116
1	221115
1	221112
1	221109
1	220872
1	220870
1	220868
1	220584
1	220563
1	220293
1	219900
1	219899
1	219804
1	219602
1	219550
1	219414
1	219170
1	219158
1	219114
1	219112
1	217916
1	217672
1	217644
1	217643
1	217571
1	217456
1	217435
1	217424
1	217301
1	217299
1	217186
1	217184
1	217183
1	217181
1	217078
1	217077
1	217069
1	217052
1	216507
1	216505
1	216504
1	216432
1	216312
1	216222
1	216007
1	216005
1	215844
1	215730
1	215382
1	215151
1	214906
1	214443
1	214359
1	214355
1	213827
1	213824
1	213727
1	213529
1	213193
1	212853
1	212720
1	212633
1	212631
1	212295
1	212275
1	212274
1	212273
1	212158
1	212047
1	212043
1	212042
1	211832
1	211795
1	211676
1	211474
1	211169
1	210709
1	210530
1	210456
1	210455
1	210386
1	210377
1	210049
1	209817
1	209816
1	209815
1	209662
1	209395
1	209392
1	209250
1	209121
1	209115
1	209114
1	209004
1	209003
1	209002
1	208778
1	208776
1	208775
1	208773
1	208658
1	208047
1	207949
1	207767
1	207448
1	207312
1	207210
1	207122
1	207121
1	206900
1	206832
1	206746
1	206530
1	206455
1	206387
1	206277
1	206191
1	206190
1	206139
1	205953
1	205952
1	205884
1	205883
1	205882
1	205881
1	205880
1	205752
1	205703
1	205701
1	205594
1	205470
1	205426
1	205424
1	205359
1	205156
1	204951
1	204825
1	204739
1	204574
1	204498
1	204483
1	204403
1	204400
1	204398
1	204112
1	204110
1	203919
1	203839
1	203789
1	203684
1	203677
1	203625
1	203582
1	203196
1	203080
1	202641
1	202284
1	202224
1	202222
1	202221
1	201794
1	201656
1	201470
1	201343
1	201247
1	201245
1	200654
1	200590
1	200443
1	200363
1	199965
1	199964
1	199963
1	199921
1	199920
1	199813
1	199522
1	199512
1	199391
1	199277
1	199071
1	199037
1	198637
1	198364
1	198183
1	198143
1	197794
1	197793
1	197771
1	197625
1	197494
1	197359
1	196865
1	196863
1	196862
1	196860
1	196786
1	196647
1	196644
1	196548
1	196547
1	196329
1	196278
1	196235
1	195946
1	195852
1	195374
1	195346
1	195170
1	195064
1	194671
1	194619
1	194237
1	194234
1	194131
1	194128
1	194116
1	194115
1	194110
1	193975
1	193970
1	193872
1	193786
1	193682
1	193569
1	193339
1	193338
1	193336
1	193335
1	193163
1	192959
1	192915
1	192871
1	192809
1	192808
1	192297
1	192242
1	192031
1	191951
1	191950
1	191735
1	191656
1	191547
1	191286
1	191232
1	190992
1	190866
1	190759
1	190666
1	190563
1	190437
1	190238
1	190218
1	190174
1	189743
1	189611
1	189382
1	189381
1	189115
1	189071
1	189044
1	188899
1	188805
1	188485
1	188465
1	188371
1	188363
1	188362
1	188361
1	188232
1	188172
1	188142
1	188029
1	187968
1	187918
1	187869
1	187697
1	187694
1	187644
1	187298
1	186851
1	186719
1	186360
1	186106
1	186104
1	186019
1	186015
1	185959
1	185895
1	185773
1	185641
1	185486
1	185135
1	185064
1	185040
1	184908
1	184412
1	184244
1	184240
1	184238
1	184083
1	183895
1	183894
1	183480
1	183400
1	183267
1	183238
1	183068
1	183032
1	183010
1	182830
1	182786
1	182287
1	182253
1	182252
1	182184
1	181990
1	181988
1	181820
1	181577
1	181498
1	181496
1	181384
1	181383
1	181254
1	181116
1	181049
1	181048
1	180972
1	180736
1	180475
1	180189
1	180084
1	180083
1	179738
1	179709
1	179298
1	179287
1	179263
1	179255
1	179086
1	179081
1	178834
1	178806
1	178803
1	178569
1	178568
1	178473
1	178216
1	178111
1	178110
1	177705
1	177704
1	177690
1	177667
1	177563
1	177340
1	177339
1	176908
1	176658
1	176409
1	176197
1	176103
1	175986
1	175595
1	175424
1	175352
1	175173
1	174971
1	174429
1	174416
1	174113
1	174039
1	174038
1	173904
1	173802
1	173801
1	173699
1	173333
1	173197
1	173192
1	172968
1	172966
1	172904
1	172564
1	172553
1	172265
1	172264
1	172262
1	172261
1	171858
1	171853
1	171851
1	171850
1	171661
1	171503
1	171497
1	171286
1	171285
1	171227
1	171185
1	170998
1	170991
1	170857
1	170856
1	170854
1	170773
1	170772
1	170489
1	170383
1	170382
1	170380
1	170377
1	170359
1	170356
1	170254
1	170131
1	170130
1	169860
1	169835
1	169794
1	169721
1	169720
1	169553
1	169498
1	169475
1	169280
1	169278
1	169277
1	169275
1	169273
1	169272
1	168223
1	167193
1	166680
1	166518
1	166082
1	166077
1	166074
1	166072
1	166010
1	166008
1	166000
1	165999
1	165992
1	165740
1	165733
1	165023
1	165017
1	164981
1	164940
1	164934
1	164929
1	164927
1	164925
1	164399
1	164296
1	164193
1	164070
1	164065
1	164060
1	163701
1	162936
1	162933
1	162932
1	162931
1	162930
1	162928
1	162927
1	162925
1	162923
1	162917
1	162377
1	162163
1	162118
1	161436
1	161435
1	160751
1	160570
1	160569
1	160564
1	160529
1	160485
1	160409
1	160408
1	160405
1	160199
1	160069
1	160068
1	160058
1	160057
1	160028
1	160027
1	160026
1	160021
1	160020
1	159968
1	159742
1	159391
1	159356
1	159340
1	159303
1	159055
1	158773
1	158654
1	158651
1	158650
1	158040
1	157872
1	157541
1	157530
1	157320
1	157085
1	157052
1	156948
1	156655
1	156654
1	156648
1	156318
1	156317
1	156305
1	156300
1	156299
1	156297
1	155918
1	155916
1	155910
1	155565
1	155524
1	155522
1	155521
1	155115
1	155110
1	155026
1	154725
1	154719
1	154712
1	154711
1	154707
1	154265
1	154261
1	154259
1	154077
1	153881
1	153877
1	153458
1	153452
1	153236
1	152999
1	152995
1	152991
1	152989
1	152985
1	152977
1	152560
1	152544
1	152543
1	152536
1	152534
1	152056
1	152054
1	152052
1	152050
1	151947
1	151643
1	151632
1	151630
1	151629
1	151628
1	151579
1	151207
1	151205
1	151199
1	150789
1	150460
1	150372
1	150371
1	150370
1	150365
1	150039
1	150034
1	150032
1	150030
1	150029
1	150028
1	150021
1	149953
1	149498
1	149494
1	149099
1	149097
1	149095
1	149093
1	149091
1	149090
1	148613
1	148610
1	148441
1	148295
1	148294
1	148287
1	148284
1	148082
1	147850
1	147844
1	147835
1	147834
1	147829
1	147828
1	147608
1	147349
1	147347
1	147150
1	146935
1	146933
1	146720
1	146708
1	146675
1	145850
1	145551
1	145543
1	145406
1	145259
1	145028
1	144989
1	144986
1	144802
1	144801
1	144798
1	144796
1	144793
1	144792
1	144687
1	144625
1	144589
1	144545
1	144482
1	144118
1	144116
1	143995
1	143969
1	143968
1	143966
1	143589
1	143588
1	143583
1	143411
1	143216
1	142710
1	142709
1	142541
1	142363
1	142362
1	142357
1	142356
1	142355
1	142347
1	142346
1	142345
1	141983
1	141982
1	141981
1	141977
1	141976
1	141971
1	141970
1	141636
1	141634
1	141626
1	141623
1	141619
1	141291
1	141287
1	141281
1	141280
1	140874
1	140872
1	140870
1	140869
1	140640
1	140453
1	140452
1	140450
1	140449
1	140444
1	140442
1	140441
1	140434
1	140433
1	140431
1	139987
1	139572
1	139565
1	139564
1	139560
1	139559
1	139553
1	139550
1	138962
1	138960
1	138956
1	138953
1	138952
1	138951
1	138946
1	138814
1	138424
1	138423
1	138422
1	138421
1	138420
1	138417
1	138413
1	138410
1	137960
1	137950
1	137948
1	137942
1	137941
1	137668
1	137385
1	137378
1	137142
1	136867
1	136865
1	136860
1	136536
1	136453
1	136363
1	136359
1	136354
1	136353
1	135881
1	135880
1	135618
1	135402
1	135375
1	135372
1	135368
1	135362
1	135360
1	134997
1	134872
1	134871
1	134865
1	134863
1	134862
1	134381
1	134378
1	134323
1	134224
1	133966
1	133958
1	133957
1	133626
1	133623
1	133621
1	133448
1	133326
1	133325
1	133322
1	133321
1	133320
1	133316
1	133315
1	133083
1	133060
1	132762
1	132502
1	132182
1	132143
1	131888
1	131857
1	131456
1	131451
1	131104
1	131103
1	131099
1	131098
1	130904
1	130782
1	130776
1	130770
1	130645
1	130287
1	129772
1	129638
1	129616
1	129482
1	129241
1	129239
1	129066
1	129064
1	129021
1	128930
1	128729
1	128527
1	128148
1	128147
1	128146
1	128145
1	127987
1	127980
1	127775
1	127774
1	127773
1	127771
1	127573
1	127494
1	127380
1	127359
1	127278
1	126981
1	126825
1	126763
1	126762
1	126759
1	126750
1	126587
1	126372
1	126143
1	126136
1	125922
1	125921
1	125915
1	125857
1	125856
1	125846
1	125787
1	125641
1	125640
1	125638
1	125637
1	125633
1	125632
1	125614
1	125451
1	125201
1	125200
1	124927
1	124709
1	124701
1	124514
1	124513
1	124505
1	124502
1	124500
1	124438
1	124333
1	124329
1	124248
1	124189
1	124014
1	124013
1	124012
1	123396
1	123394
1	123393
1	123207
1	122625
1	122505
1	122338
1	122125
1	122124
1	121897
1	121194
1	121071
1	120957
1	120794
1	120485
1	120272
1	120105
1	119922
1	119768
1	119559
1	119022
1	118533
1	118387
1	118383
1	118153
1	118118
1	117910
1	117674
1	117673
1	117672
1	117529
1	117528
1	117525
1	117444
1	117435
1	117212
1	116886
1	116649
1	116387
1	116384
1	116377
1	11543
1	1084
