qty id_tweet
--- --------
18	139533
17	271774
13	443028
11	325710
11	170280
10	197852
10	126107
9	657044
9	505393
9	293395
9	146011
9	144556
9	138388
9	127430
8	316912
8	301337
8	216010
8	144694
8	131088
8	130761
8	127230
7	802027
7	696290
7	691833
7	422181
7	284340
7	189540
7	181710
7	151837
7	119225
6	769315
6	765001
6	756927
6	697019
6	625587
6	498087
6	442917
6	394212
6	392017
6	325336
6	290573
6	276690
6	272963
6	270776
6	264924
6	136322
6	129720
6	127228
6	125624
6	125184
6	121165
5	789120
5	786712
5	785187
5	763395
5	744303
5	724827
5	553103
5	510555
5	493819
5	481874
5	480767
5	474432
5	451658
5	445314
5	388171
5	356940
5	355823
5	312751
5	278258
5	277047
5	267055
5	234217
5	219998
5	213354
5	198498
5	194074
5	186698
5	181753
5	181517
5	176993
5	158665
5	137913
5	137365
5	130546
5	130525
5	123083
5	122948
5	122728
5	122720
5	120792
4	810754
4	786889
4	771408
4	767823
4	764194
4	752594
4	738318
4	738032
4	723428
4	718646
4	714886
4	709728
4	701840
4	686505
4	677592
4	658588
4	653580
4	638291
4	584084
4	578075
4	548887
4	527754
4	507704
4	500383
4	498417
4	491970
4	465731
4	460712
4	451523
4	451060
4	441313
4	431030
4	430580
4	426282
4	422819
4	402280
4	366455
4	364860
4	356154
4	352435
4	344822
4	342017
4	337370
4	337259
4	333311
4	320812
4	319248
4	314375
4	297914
4	296643
4	296009
4	290877
4	284342
4	281317
4	271042
4	261020
4	240469
4	236846
4	232156
4	231732
4	226966
4	226648
4	225856
4	225846
4	213801
4	212028
4	203900
4	202300
4	198762
4	198731
4	197851
4	190916
4	176310
4	175815
4	173868
4	166977
4	159576
4	151007
4	149747
4	148163
4	148153
4	147243
4	144382
4	143078
4	141477
4	139951
4	138924
4	137364
4	131091
4	129218
4	128445
4	128136
4	128124
4	126624
4	122818
4	115878
3	817948
3	817943
3	812727
3	806177
3	805296
3	801001
3	798917
3	796971
3	796428
3	788109
3	785716
3	782438
3	775696
3	775397
3	774578
3	770066
3	769574
3	767824
3	764278
3	762377
3	761679
3	757932
3	756168
3	744299
3	742774
3	736504
3	733583
3	732369
3	724118
3	723432
3	722394
3	718636
3	717057
3	713708
3	713702
3	710797
3	710090
3	709254
3	705226
3	696698
3	695860
3	693829
3	692701
3	685406
3	682770
3	678458
3	677931
3	673192
3	673139
3	672672
3	664119
3	650038
3	648767
3	646883
3	636010
3	624799
3	623082
3	621889
3	618752
3	608977
3	606227
3	602898
3	594884
3	586091
3	585147
3	583288
3	582753
3	582501
3	577065
3	572421
3	564130
3	559471
3	555546
3	549318
3	531203
3	529650
3	528154
3	527757
3	525407
3	524839
3	523988
3	520368
3	513210
3	507181
3	502861
3	502733
3	496830
3	492544
3	491025
3	482464
3	482463
3	480470
3	477162
3	466545
3	464065
3	463973
3	459708
3	450294
3	449547
3	444572
3	443574
3	442774
3	441977
3	439975
3	437814
3	435233
3	434207
3	417767
3	408838
3	403497
3	403099
3	402886
3	401829
3	396722
3	394958
3	393575
3	392023
3	389534
3	388945
3	384709
3	383815
3	376891
3	375720
3	373400
3	372926
3	372833
3	371189
3	360898
3	360139
3	356297
3	356077
3	352192
3	342711
3	342050
3	341690
3	341046
3	338747
3	336119
3	332809
3	332152
3	332025
3	331202
3	328083
3	325640
3	323113
3	320683
3	320544
3	318980
3	318922
3	314197
3	314086
3	306458
3	306436
3	304241
3	302202
3	301254
3	300115
3	297973
3	297788
3	297239
3	296647
3	295792
3	294177
3	280843
3	280365
3	279950
3	279607
3	272862
3	271773
3	271757
3	267227
3	265816
3	265378
3	265358
3	263661
3	261907
3	257032
3	252477
3	250666
3	246520
3	245016
3	244441
3	239721
3	238357
3	235987
3	234567
3	233752
3	233261
3	233223
3	231882
3	227114
3	226961
3	224957
3	223144
3	217175
3	214498
3	214074
3	210532
3	210325
3	205271
3	204705
3	202826
3	202742
3	200742
3	197483
3	197248
3	195614
3	195572
3	195004
3	194999
3	193656
3	193033
3	191686
3	189133
3	189123
3	185649
3	182888
3	182289
3	181395
3	180305
3	178697
3	178144
3	178010
3	177420
3	177315
3	174434
3	173611
3	172853
3	172556
3	171722
3	169825
3	169061
3	168457
3	164241
3	159581
3	157913
3	157681
3	157069
3	156120
3	155310
3	154913
3	154525
3	152751
3	151005
3	147928
3	147481
3	146798
3	145157
3	145153
3	145034
3	144696
3	144390
3	141469
3	141466
3	141110
3	140704
3	139193
3	136852
3	136332
3	136298
3	133042
3	133017
3	132175
3	131840
3	128333
3	127426
3	126358
3	122957
3	122955
3	122953
3	118111
3	116952
2	823028
2	821424
2	821177
2	820782
2	820195
2	819941
2	819938
2	819410
2	819406
2	817939
2	817665
2	816014
2	815682
2	815331
2	813763
2	811136
2	807983
2	807587
2	806934
2	803955
2	803315
2	802370
2	802028
2	799988
2	799843
2	798915
2	796969
2	796690
2	796424
2	796158
2	796154
2	796033
2	794496
2	794143
2	793454
2	790135
2	788859
2	788312
2	788311
2	788111
2	787591
2	787391
2	786425
2	785876
2	785729
2	785720
2	784791
2	784333
2	784330
2	783941
2	783733
2	783626
2	783536
2	783255
2	782971
2	782802
2	782003
2	781307
2	778573
2	777987
2	777960
2	776631
2	775768
2	775403
2	775139
2	774824
2	773562
2	773360
2	772895
2	772668
2	772056
2	771075
2	770223
2	770062
2	767831
2	767558
2	767202
2	766849
2	765703
2	765547
2	765503
2	765500
2	763831
2	762852
2	762207
2	761396
2	761184
2	761177
2	761176
2	760970
2	759924
2	759524
2	758292
2	758089
2	757929
2	757179
2	756935
2	754956
2	754633
2	754245
2	754208
2	753685
2	753532
2	753381
2	752803
2	752649
2	751961
2	751718
2	751555
2	751441
2	751440
2	751322
2	750370
2	748156
2	745321
2	744986
2	744975
2	744661
2	744657
2	744298
2	743101
2	742777
2	740984
2	739284
2	739053
2	738323
2	738159
2	737340
2	737242
2	735356
2	735185
2	734435
2	733811
2	730290
2	729935
2	728465
2	726756
2	726563
2	725347
2	724092
2	723955
2	723950
2	722547
2	722252
2	720193
2	720112
2	719706
2	718029
2	716095
2	716031
2	714389
2	711588
2	711214
2	710805
2	710097
2	710094
2	708916
2	708915
2	707577
2	707573
2	705854
2	705418
2	705222
2	704623
2	704188
2	703979
2	703162
2	702940
2	701617
2	700289
2	700280
2	698849
2	697501
2	696703
2	696694
2	696335
2	696313
2	696312
2	695924
2	695774
2	695439
2	695283
2	694280
2	694099
2	694095
2	694072
2	693670
2	693619
2	693518
2	693325
2	693124
2	693117
2	692835
2	692820
2	692646
2	692444
2	692289
2	692274
2	692252
2	691837
2	691818
2	689812
2	689284
2	689163
2	688888
2	688308
2	688307
2	688305
2	686858
2	684760
2	681849
2	681712
2	681309
2	680170
2	679189
2	678780
2	678452
2	677904
2	677591
2	676119
2	674278
2	673195
2	673178
2	670658
2	667083
2	660462
2	660454
2	658586
2	656553
2	656528
2	656524
2	653596
2	653581
2	653561
2	650733
2	650718
2	650165
2	648817
2	648798
2	648775
2	648772
2	648755
2	647887
2	646893
2	646869
2	646861
2	645115
2	642334
2	642096
2	642072
2	641460
2	640737
2	640209
2	640207
2	636979
2	636641
2	636005
2	635994
2	635992
2	635983
2	635005
2	634998
2	634997
2	630815
2	630813
2	629335
2	627997
2	627981
2	626983
2	621659
2	621290
2	620983
2	620884
2	617994
2	612484
2	611885
2	607949
2	605673
2	602714
2	591018
2	587183
2	586884
2	586380
2	586093
2	586076
2	585135
2	584237
2	584075
2	583998
2	581850
2	581308
2	579919
2	579880
2	579289
2	579215
2	578950
2	578465
2	578157
2	577970
2	576952
2	576859
2	575694
2	575552
2	573168
2	571863
2	570993
2	569985
2	566306
2	563041
2	562063
2	561706
2	561696
2	560904
2	560563
2	560287
2	559500
2	558870
2	558438
2	556732
2	555525
2	555448
2	554585
2	554143
2	553753
2	552995
2	551883
2	551112
2	549799
2	547768
2	547470
2	546906
2	546175
2	542399
2	536994
2	536991
2	535219
2	534506
2	533957
2	533850
2	533244
2	530669
2	530508
2	530071
2	529658
2	529576
2	528621
2	528605
2	527964
2	524881
2	524430
2	524203
2	524201
2	523271
2	522983
2	522575
2	522546
2	522235
2	522114
2	521597
2	521259
2	521161
2	520534
2	520369
2	520118
2	520110
2	520104
2	518370
2	518220
2	517124
2	514917
2	514352
2	513313
2	512977
2	512754
2	512466
2	512400
2	511755
2	511749
2	509222
2	508314
2	507649
2	507645
2	505852
2	505014
2	504634
2	501504
2	498996
2	496831
2	495369
2	495003
2	494499
2	494359
2	494050
2	492551
2	492258
2	491939
2	491353
2	490230
2	490066
2	489043
2	488750
2	488480
2	487250
2	486647
2	485924
2	484149
2	484013
2	482516
2	481898
2	481811
2	481604
2	480686
2	480118
2	479506
2	478591
2	478335
2	478132
2	476361
2	475704
2	475351
2	475081
2	474371
2	474189
2	472379
2	471598
2	470400
2	469851
2	469404
2	468652
2	468612
2	467810
2	467367
2	467354
2	466144
2	465956
2	465542
2	465035
2	464228
2	463923
2	463316
2	462947
2	462946
2	462385
2	461429
2	460710
2	459586
2	458437
2	457804
2	456631
2	456511
2	456176
2	454228
2	453802
2	453727
2	453341
2	453179
2	453176
2	452899
2	451961
2	451703
2	451251
2	451247
2	451062
2	450857
2	449747
2	449317
2	448748
2	446882
2	446621
2	446278
2	445526
2	444959
2	444455
2	443626
2	442138
2	442136
2	441180
2	440154
2	439595
2	438776
2	438673
2	436651
2	435235
2	435229
2	435227
2	434111
2	432535
2	432533
2	431502
2	431492
2	430862
2	430184
2	430002
2	429807
2	428747
2	427543
2	427338
2	426656
2	425873
2	425612
2	425000
2	424568
2	424472
2	423958
2	422777
2	422178
2	421785
2	421475
2	420742
2	419139
2	418780
2	417870
2	416700
2	416303
2	415613
2	415273
2	414793
2	411952
2	411303
2	410893
2	410887
2	410832
2	410636
2	410456
2	409468
2	409187
2	409031
2	408584
2	408006
2	406075
2	405424
2	405253
2	404868
2	404431
2	404310
2	403200
2	402889
2	401809
2	401478
2	401298
2	400448
2	399916
2	399664
2	398862
2	398861
2	398739
2	398682
2	397507
2	396997
2	396346
2	396141
2	396139
2	395965
2	395740
2	395738
2	395507
2	394956
2	393089
2	393038
2	392758
2	392126
2	392016
2	390581
2	390177
2	389990
2	389547
2	389342
2	389177
2	388842
2	387805
2	386685
2	384526
2	382839
2	382376
2	382082
2	382039
2	381694
2	380918
2	380625
2	379853
2	379063
2	378447
2	378303
2	378237
2	377552
2	377505
2	377223
2	377143
2	377141
2	377133
2	376896
2	376888
2	376214
2	376009
2	375712
2	374895
2	374634
2	374483
2	373404
2	373297
2	373292
2	373148
2	373083
2	372475
2	370444
2	369804
2	368011
2	367985
2	367974
2	367742
2	367188
2	366973
2	366708
2	366258
2	365203
2	364341
2	363829
2	363770
2	363632
2	363477
2	361686
2	361632
2	361213
2	360747
2	360645
2	360640
2	360360
2	360049
2	359906
2	358999
2	358891
2	358497
2	356841
2	356415
2	354938
2	354377
2	352662
2	351674
2	350799
2	350354
2	350078
2	349979
2	349604
2	349205
2	348576
2	348526
2	348341
2	347913
2	347522
2	345595
2	345301
2	345057
2	344826
2	343485
2	342418
2	342415
2	342248
2	341697
2	341382
2	341047
2	339914
2	339555
2	339162
2	338522
2	337744
2	337338
2	335514
2	334953
2	334403
2	334246
2	332361
2	331592
2	331192
2	331189
2	330934
2	330838
2	329244
2	326122
2	325643
2	323713
2	323193
2	322657
2	322655
2	321981
2	321979
2	321380
2	320830
2	320413
2	320407
2	320404
2	319569
2	319245
2	319123
2	319060
2	317986
2	315618
2	315107
2	314083
2	313551
2	312909
2	312906
2	311458
2	311123
2	309773
2	309771
2	309328
2	308554
2	308385
2	306818
2	306533
2	306530
2	306385
2	306166
2	304006
2	302512
2	302356
2	302209
2	301743
2	301569
2	300680
2	300663
2	298806
2	298562
2	297784
2	297781
2	295172
2	294833
2	294320
2	294252
2	294141
2	294130
2	293397
2	293121
2	293116
2	293023
2	292472
2	291528
2	290632
2	290243
2	289645
2	287886
2	286369
2	286231
2	284751
2	284648
2	284400
2	284034
2	283220
2	283040
2	281312
2	280846
2	280833
2	280609
2	280597
2	280554
2	280360
2	280352
2	280338
2	279944
2	279435
2	278978
2	278975
2	278745
2	277048
2	276754
2	276678
2	276170
2	276027
2	275690
2	275282
2	275281
2	275150
2	273952
2	273091
2	271768
2	271183
2	271172
2	270269
2	270264
2	269759
2	268776
2	267808
2	267229
2	267045
2	266822
2	266341
2	264080
2	263855
2	262197
2	261911
2	261152
2	260699
2	260692
2	260310
2	260297
2	259537
2	258308
2	257223
2	257037
2	256869
2	256279
2	255735
2	255308
2	255178
2	253932
2	253671
2	253012
2	252208
2	251237
2	251223
2	250939
2	250505
2	250500
2	250486
2	250095
2	250094
2	248867
2	248094
2	247693
2	246918
2	244723
2	244722
2	244448
2	244208
2	244204
2	243841
2	242759
2	242329
2	242327
2	242323
2	242019
2	241414
2	241226
2	240985
2	240977
2	240735
2	240480
2	240478
2	240232
2	240192
2	239980
2	239480
2	238731
2	238725
2	238712
2	238022
2	237269
2	237150
2	237025
2	236459
2	236450
2	235561
2	235560
2	234638
2	233337
2	233329
2	233319
2	232834
2	232341
2	231382
2	231377
2	231365
2	230313
2	230163
2	229344
2	229297
2	228587
2	228584
2	228582
2	228105
2	228084
2	227919
2	227913
2	227717
2	227698
2	227527
2	227140
2	227126
2	226501
2	226294
2	226088
2	225864
2	225815
2	225430
2	225194
2	225188
2	225161
2	225160
2	224952
2	224949
2	224627
2	224626
2	224355
2	224069
2	224039
2	223734
2	222841
2	222222
2	221162
2	220547
2	220286
2	220011
2	220006
2	219995
2	218271
2	218193
2	218047
2	217850
2	217288
2	216015
2	215780
2	215338
2	215334
2	214161
2	213570
2	213367
2	213347
2	213346
2	212822
2	211530
2	210118
2	209242
2	208450
2	207846
2	207056
2	206461
2	206376
2	206341
2	206129
2	205945
2	205875
2	205874
2	205652
2	205651
2	205145
2	204560
2	204274
2	204271
2	203792
2	202739
2	202293
2	200517
2	199948
2	199207
2	199131
2	198761
2	198567
2	198437
2	198436
2	198221
2	198058
2	197396
2	197195
2	196535
2	195840
2	195839
2	195837
2	195688
2	195191
2	195186
2	195000
2	194228
2	194078
2	194076
2	193265
2	192805
2	192532
2	192407
2	192290
2	192288
2	192083
2	191687
2	191588
2	191031
2	190910
2	190661
2	190170
2	190151
2	189042
2	188806
2	188145
2	188144
2	187535
2	187464
2	187460
2	187313
2	187014
2	186491
2	185783
2	185782
2	185113
2	184750
2	184525
2	183780
2	183128
2	183010
2	182637
2	182633
2	182555
2	182212
2	181549
2	181451
2	181305
2	181131
2	181121
2	180952
2	180552
2	179708
2	179410
2	179159
2	179047
2	178698
2	178374
2	178372
2	178250
2	177598
2	177414
2	176875
2	176874
2	176503
2	176315
2	175990
2	175609
2	175277
2	175020
2	174756
2	174332
2	173642
2	172847
2	172462
2	171375
2	171371
2	171078
2	171073
2	170624
2	170618
2	169940
2	168488
2	168437
2	168428
2	168370
2	167356
2	166241
2	161525
2	160001
2	159572
2	156484
2	156172
2	156123
2	154961
2	154237
2	154046
2	153643
2	153638
2	153221
2	152834
2	152755
2	152750
2	152287
2	152275
2	151888
2	151427
2	151412
2	151411
2	151013
2	150638
2	150627
2	149347
2	149344
2	149341
2	148952
2	148943
2	148768
2	148445
2	148157
2	147696
2	147476
2	147044
2	147038
2	146799
2	146585
2	146580
2	146579
2	146298
2	146018
2	145802
2	145295
2	145142
2	144695
2	144245
2	144241
2	144239
2	144031
2	143874
2	143300
2	143295
2	143071
2	142841
2	141851
2	141486
2	141457
2	140808
2	140700
2	140699
2	140690
2	140652
2	140223
2	140218
2	139527
2	139386
2	138938
2	138936
2	138932
2	138925
2	138385
2	138379
2	137919
2	137669
2	137417
2	137079
2	136329
2	135878
2	135854
2	135350
2	135341
2	135331
2	134874
2	134851
2	134849
2	134846
2	134362
2	134222
2	133596
2	133595
2	133033
2	132760
2	132491
2	132485
2	132479
2	131832
2	131444
2	131436
2	131433
2	131096
2	130759
2	129994
2	129631
2	129628
2	129487
2	128919
2	128715
2	128706
2	128509
2	128347
2	127435
2	127425
2	127360
2	126802
2	126796
2	125773
2	125770
2	124546
2	123079
2	123077
2	122618
2	122497
2	122378
2	122235
2	121435
2	121289
2	120936
2	120704
2	120099
2	120098
2	119715
2	119064
2	118839
2	118726
2	118525
2	118227
2	117533
2	116634
2	116278
1	9357
1	823704
1	823496
1	823239
1	822796
1	822783
1	822755
1	822452
1	822451
1	822447
1	822440
1	822370
1	822213
1	821790
1	821784
1	821778
1	821576
1	821552
1	821427
1	821423
1	821418
1	821183
1	821182
1	821178
1	820947
1	820944
1	820940
1	820525
1	820482
1	820480
1	820205
1	820200
1	820199
1	820194
1	820186
1	820185
1	820184
1	819949
1	819947
1	819943
1	819733
1	819729
1	819431
1	819429
1	819427
1	819426
1	819420
1	819419
1	819417
1	819413
1	819412
1	819402
1	819401
1	819397
1	819396
1	819107
1	818853
1	818850
1	818849
1	818532
1	818529
1	818526
1	818525
1	818237
1	818230
1	817949
1	817946
1	817671
1	817666
1	817664
1	817663
1	817372
1	817366
1	817365
1	817363
1	817359
1	817358
1	817357
1	817356
1	817353
1	817086
1	817079
1	817077
1	817075
1	816765
1	816763
1	816762
1	816761
1	816562
1	816561
1	816401
1	816399
1	816394
1	816393
1	816383
1	816029
1	816027
1	816021
1	816016
1	815706
1	815705
1	815702
1	815700
1	815691
1	815335
1	815334
1	815333
1	815332
1	815328
1	815326
1	815324
1	815323
1	815004
1	815002
1	814998
1	814713
1	814712
1	814704
1	814702
1	814410
1	814404
1	814111
1	814110
1	814106
1	814103
1	814102
1	814099
1	813766
1	813764
1	813761
1	813760
1	813504
1	813231
1	813228
1	813223
1	812993
1	812986
1	812983
1	812735
1	812732
1	812731
1	812492
1	812491
1	812489
1	812488
1	812486
1	812264
1	812262
1	812258
1	812256
1	812069
1	812062
1	811928
1	811926
1	811923
1	811739
1	811738
1	811591
1	811588
1	811442
1	811282
1	811280
1	811278
1	811277
1	811134
1	810761
1	810759
1	810756
1	810618
1	810479
1	810339
1	810338
1	810213
1	810211
1	810208
1	810207
1	810079
1	810078
1	810074
1	809897
1	809766
1	809763
1	809761
1	809758
1	809757
1	809587
1	809571
1	809568
1	809141
1	809140
1	809139
1	809138
1	809137
1	808921
1	808912
1	808653
1	808647
1	808638
1	808320
1	808311
1	808310
1	808140
1	807985
1	807979
1	807961
1	807591
1	807588
1	807255
1	807251
1	806938
1	806937
1	806936
1	806935
1	806576
1	806574
1	806570
1	806568
1	806179
1	806178
1	806174
1	806171
1	806169
1	805834
1	805832
1	805828
1	805825
1	805823
1	805577
1	805571
1	805307
1	805302
1	805298
1	805294
1	805024
1	805021
1	805019
1	805016
1	804684
1	804683
1	804673
1	804350
1	804348
1	804345
1	804342
1	803967
1	803961
1	803954
1	803625
1	803622
1	803621
1	803620
1	803618
1	803615
1	803325
1	803323
1	803321
1	803317
1	802975
1	802965
1	802963
1	802620
1	802619
1	802614
1	802377
1	802376
1	802374
1	802373
1	802368
1	802046
1	802038
1	802033
1	802030
1	801505
1	801504
1	801503
1	801499
1	801253
1	801252
1	801250
1	800767
1	800763
1	800762
1	800761
1	800759
1	800599
1	800559
1	800436
1	800313
1	800310
1	800142
1	800139
1	799844
1	799571
1	799570
1	799566
1	799564
1	799563
1	799420
1	799052
1	799051
1	798919
1	798711
1	798703
1	798599
1	798409
1	798407
1	797823
1	797424
1	797413
1	797410
1	797212
1	797211
1	796975
1	796972
1	796681
1	796678
1	796425
1	796355
1	796032
1	795893
1	795547
1	795545
1	795544
1	795540
1	795205
1	795200
1	795199
1	795196
1	794500
1	794498
1	794142
1	794141
1	794135
1	793801
1	793798
1	793788
1	793785
1	793460
1	793459
1	793455
1	793451
1	793142
1	793139
1	793138
1	793133
1	793130
1	792816
1	792806
1	792119
1	792117
1	792114
1	791682
1	791681
1	791676
1	791674
1	791671
1	791670
1	791294
1	791293
1	791291
1	791287
1	791286
1	791285
1	791281
1	791280
1	790920
1	790555
1	790553
1	790544
1	790542
1	790138
1	790134
1	789807
1	789805
1	789793
1	789787
1	789455
1	789452
1	789450
1	789446
1	789121
1	789119
1	789115
1	789110
1	788856
1	788855
1	788851
1	788849
1	788538
1	788317
1	788316
1	788118
1	788116
1	788113
1	788110
1	787845
1	787844
1	787836
1	787835
1	787713
1	787708
1	787590
1	787589
1	787403
1	787236
1	787233
1	787231
1	787225
1	787053
1	787049
1	787043
1	786897
1	786893
1	786887
1	786886
1	786574
1	786427
1	786244
1	786186
1	786185
1	786183
1	786181
1	786032
1	785880
1	785719
1	785718
1	785715
1	785562
1	785561
1	785548
1	785545
1	785543
1	785401
1	785398
1	785397
1	785395
1	785392
1	785390
1	785389
1	785023
1	785021
1	784792
1	784790
1	784788
1	784786
1	784563
1	784559
1	784339
1	784336
1	784332
1	784190
1	784188
1	784187
1	784076
1	784073
1	784071
1	783943
1	783940
1	783939
1	783938
1	783937
1	783935
1	783850
1	783843
1	783790
1	783728
1	783627
1	783535
1	783411
1	783407
1	783024
1	782973
1	782972
1	782970
1	782964
1	782805
1	782425
1	782422
1	782421
1	782234
1	782229
1	782007
1	782006
1	781768
1	781764
1	781761
1	781541
1	781540
1	781539
1	781537
1	781534
1	781531
1	781530
1	781310
1	781309
1	781067
1	781064
1	781061
1	781057
1	781056
1	780806
1	780805
1	780804
1	780803
1	780802
1	780503
1	780501
1	780132
1	779821
1	779788
1	779514
1	779242
1	779238
1	779084
1	778891
1	778730
1	778590
1	778588
1	778586
1	778572
1	778290
1	778286
1	777973
1	777970
1	777969
1	777968
1	777967
1	777958
1	777955
1	777553
1	777549
1	777547
1	777546
1	777545
1	777541
1	777470
1	777219
1	777217
1	776938
1	776936
1	776639
1	776634
1	776633
1	776348
1	776338
1	776335
1	776330
1	776035
1	776034
1	776033
1	776032
1	776028
1	775766
1	775702
1	775701
1	775699
1	775697
1	775691
1	775393
1	775389
1	775388
1	775148
1	774822
1	774594
1	774593
1	774591
1	774584
1	774582
1	774580
1	774366
1	774219
1	774218
1	774216
1	773907
1	773773
1	773658
1	773657
1	773270
1	773077
1	772932
1	772894
1	772892
1	772890
1	772764
1	772762
1	772761
1	772757
1	772753
1	772670
1	772582
1	772363
1	772219
1	772218
1	772217
1	772214
1	772211
1	772210
1	772209
1	772207
1	772062
1	772060
1	772054
1	771880
1	771879
1	771877
1	771874
1	771717
1	771563
1	771559
1	771326
1	771322
1	771077
1	771074
1	770857
1	770854
1	770609
1	770225
1	770076
1	770069
1	770068
1	769796
1	769317
1	769313
1	769308
1	769045
1	769044
1	769041
1	769040
1	768623
1	768355
1	768348
1	768347
1	768094
1	768093
1	768087
1	767826
1	767825
1	767559
1	767556
1	767204
1	767199
1	767197
1	767192
1	766852
1	766850
1	766845
1	766677
1	766675
1	766415
1	766411
1	766109
1	766063
1	766059
1	765956
1	765890
1	765736
1	765727
1	765726
1	765722
1	765701
1	765700
1	765698
1	765517
1	765515
1	765514
1	765513
1	765511
1	765504
1	765329
1	765210
1	765206
1	765204
1	764747
1	764285
1	764283
1	764282
1	764279
1	764277
1	764196
1	764195
1	764187
1	764070
1	763834
1	763833
1	763832
1	763830
1	763828
1	763649
1	763648
1	763391
1	763383
1	763274
1	763271
1	763270
1	762946
1	762943
1	762739
1	762736
1	762734
1	762732
1	762621
1	762518
1	762516
1	762511
1	762376
1	762216
1	762215
1	762213
1	762209
1	762206
1	761943
1	761942
1	761941
1	761940
1	761789
1	761581
1	761576
1	761569
1	761403
1	761400
1	761183
1	761182
1	761181
1	761179
1	760796
1	760791
1	760790
1	760602
1	760520
1	760410
1	760400
1	760211
1	760209
1	760207
1	760205
1	760202
1	759928
1	759925
1	759921
1	759920
1	759747
1	759746
1	759745
1	759743
1	759741
1	759730
1	759533
1	759532
1	759527
1	759291
1	759256
1	759250
1	759039
1	758768
1	758766
1	758765
1	758764
1	758756
1	758752
1	758498
1	758335
1	758326
1	758325
1	758323
1	758319
1	758314
1	758313
1	758312
1	758096
1	758095
1	758093
1	757636
1	757408
1	757407
1	757402
1	757397
1	757176
1	757165
1	757164
1	756934
1	756930
1	756926
1	756716
1	756715
1	756706
1	756276
1	756169
1	756166
1	755878
1	755817
1	755815
1	755738
1	755737
1	755564
1	755561
1	755553
1	755548
1	755335
1	755005
1	755003
1	754951
1	754950
1	754557
1	754239
1	754234
1	754220
1	754215
1	754126
1	754007
1	754006
1	753230
1	753152
1	752874
1	752872
1	752866
1	752593
1	752553
1	752551
1	752401
1	752398
1	752378
1	752288
1	752287
1	752198
1	752159
1	752158
1	752145
1	752116
1	752114
1	751970
1	751968
1	751966
1	751815
1	751809
1	751722
1	751713
1	751554
1	751320
1	751319
1	751043
1	751041
1	751037
1	751034
1	751033
1	751029
1	751011
1	750879
1	750634
1	750597
1	750532
1	750470
1	750391
1	748179
1	748177
1	748175
1	748161
1	748159
1	748154
1	748148
1	748146
1	748142
1	748135
1	748133
1	748131
1	748106
1	746940
1	746937
1	746932
1	746639
1	746451
1	746450
1	746441
1	746439
1	746225
1	746172
1	746138
1	746062
1	746016
1	745869
1	745741
1	745689
1	745494
1	745327
1	745320
1	744989
1	744977
1	744666
1	744662
1	744315
1	744311
1	744310
1	744308
1	744306
1	744304
1	743895
1	743881
1	743270
1	743268
1	743267
1	743263
1	743104
1	743103
1	743100
1	742998
1	742778
1	742776
1	742773
1	742516
1	742209
1	742208
1	742197
1	742196
1	741932
1	741917
1	741680
1	741585
1	741584
1	741581
1	741390
1	741271
1	741133
1	740992
1	740986
1	740983
1	740982
1	740667
1	740666
1	740664
1	740360
1	740359
1	740357
1	740352
1	740347
1	740345
1	739983
1	739982
1	739977
1	739595
1	739589
1	739286
1	739285
1	739072
1	739064
1	739063
1	739060
1	738825
1	738824
1	738324
1	738322
1	738074
1	738030
1	738028
1	737873
1	737625
1	737624
1	737524
1	737521
1	737441
1	737339
1	737063
1	737062
1	736684
1	736680
1	736674
1	736671
1	736665
1	736658
1	736508
1	736507
1	736208
1	736072
1	736068
1	735963
1	735961
1	735829
1	735828
1	735703
1	735542
1	735522
1	735358
1	735193
1	735186
1	735184
1	735178
1	735138
1	734949
1	734947
1	734946
1	734938
1	734841
1	734693
1	734446
1	734445
1	734443
1	734441
1	734162
1	733479
1	733478
1	733301
1	733123
1	732879
1	732878
1	732874
1	732872
1	732681
1	732679
1	732678
1	732276
1	732070
1	732065
1	731766
1	731440
1	731090
1	730845
1	730843
1	730840
1	730732
1	730731
1	730729
1	730716
1	730311
1	730308
1	730307
1	730045
1	729948
1	729944
1	729934
1	729932
1	729931
1	729928
1	729728
1	729642
1	729629
1	729375
1	729373
1	729322
1	729195
1	728813
1	728811
1	728713
1	728709
1	728706
1	728552
1	728548
1	728546
1	728468
1	728466
1	728216
1	728212
1	728210
1	727929
1	727927
1	727925
1	727602
1	727592
1	727589
1	727184
1	726744
1	726390
1	726385
1	726083
1	726081
1	726076
1	726074
1	725662
1	725197
1	725054
1	725049
1	725047
1	725044
1	724997
1	724829
1	724759
1	724757
1	724668
1	724666
1	724566
1	724562
1	724559
1	724395
1	724393
1	724122
1	724120
1	723959
1	723958
1	723952
1	723857
1	723596
1	723430
1	723213
1	723212
1	723208
1	723206
1	722994
1	722828
1	722825
1	722819
1	722816
1	722546
1	722545
1	722393
1	722240
1	722239
1	722238
1	722237
1	722102
1	722101
1	722100
1	722097
1	721917
1	721771
1	721770
1	721766
1	721579
1	721512
1	721339
1	721334
1	721149
1	721043
1	720905
1	720819
1	720813
1	720702
1	720672
1	720665
1	720576
1	720575
1	720573
1	720495
1	720494
1	720397
1	720380
1	720192
1	720151
1	720108
1	720107
1	719865
1	719555
1	719372
1	719369
1	719368
1	719365
1	719360
1	719163
1	719161
1	719160
1	718878
1	718843
1	718165
1	718035
1	717773
1	717770
1	717765
1	717762
1	717761
1	717687
1	717684
1	717450
1	717366
1	717275
1	717054
1	717044
1	716772
1	716766
1	716505
1	716312
1	716311
1	716265
1	716264
1	716262
1	716164
1	716163
1	716162
1	716110
1	716097
1	716070
1	715896
1	715834
1	715833
1	715831
1	715708
1	715707
1	715658
1	715363
1	715356
1	715247
1	715093
1	715090
1	715087
1	715084
1	714894
1	714893
1	714395
1	714394
1	714391
1	714386
1	714384
1	714374
1	714132
1	714131
1	714129
1	714125
1	714124
1	714123
1	714121
1	714117
1	713999
1	713727
1	713726
1	713725
1	713724
1	713705
1	713704
1	713461
1	713133
1	713131
1	713002
1	712921
1	712862
1	712861
1	712793
1	712614
1	712613
1	712554
1	712290
1	712222
1	712163
1	711917
1	711912
1	711558
1	710812
1	710811
1	710810
1	710806
1	710804
1	710802
1	710799
1	710798
1	710796
1	710745
1	710743
1	710741
1	710558
1	710420
1	710145
1	710091
1	710089
1	709739
1	709737
1	709734
1	709732
1	709731
1	709729
1	709588
1	709561
1	709437
1	709345
1	709341
1	709340
1	709257
1	708921
1	708829
1	708518
1	708511
1	708352
1	708348
1	708205
1	707987
1	707871
1	707870
1	707869
1	707575
1	707571
1	707570
1	707276
1	707136
1	707064
1	707059
1	706897
1	706896
1	706766
1	706443
1	706439
1	705960
1	705958
1	705852
1	705846
1	705845
1	705833
1	705832
1	705831
1	705828
1	705826
1	705777
1	705693
1	705677
1	705609
1	705525
1	705524
1	705425
1	705417
1	705229
1	705227
1	705225
1	705224
1	705221
1	705110
1	705059
1	704902
1	704900
1	704894
1	704733
1	704731
1	704730
1	704727
1	704622
1	704469
1	704285
1	704282
1	704183
1	704182
1	704179
1	704112
1	703975
1	703973
1	703972
1	703837
1	703742
1	703591
1	703590
1	703397
1	703390
1	703170
1	703159
1	702937
1	702867
1	702789
1	702640
1	702540
1	702388
1	702316
1	702307
1	702120
1	702115
1	702094
1	702080
1	701845
1	701837
1	701834
1	701833
1	701831
1	701824
1	701612
1	701350
1	701347
1	701114
1	700854
1	700853
1	700852
1	700521
1	700512
1	700511
1	700288
1	700287
1	700286
1	700282
1	700281
1	700057
1	700056
1	700054
1	700053
1	700051
1	699873
1	699789
1	699788
1	699785
1	699784
1	699783
1	699479
1	699476
1	699474
1	699291
1	699182
1	699181
1	698924
1	698852
1	698767
1	698623
1	698620
1	698617
1	698576
1	698573
1	698532
1	698395
1	698393
1	698226
1	698224
1	697943
1	697939
1	697938
1	697929
1	697925
1	697919
1	697917
1	697916
1	697508
1	697506
1	697505
1	697502
1	697486
1	697482
1	697477
1	697203
1	697196
1	697045
1	697018
1	697017
1	697015
1	696695
1	696678
1	696675
1	696672
1	696671
1	696668
1	696663
1	696662
1	696660
1	696655
1	696625
1	696442
1	696356
1	696351
1	696350
1	696349
1	696347
1	696344
1	696331
1	696329
1	696325
1	696324
1	696316
1	696301
1	696292
1	696287
1	696024
1	695935
1	695929
1	695925
1	695923
1	695912
1	695908
1	695902
1	695892
1	695883
1	695880
1	695873
1	695871
1	695869
1	695861
1	695855
1	695574
1	695567
1	695563
1	695437
1	695426
1	695422
1	695419
1	695417
1	695410
1	695409
1	695393
1	695391
1	695387
1	695369
1	695345
1	695306
1	695293
1	695289
1	695286
1	695279
1	695269
1	695104
1	695101
1	695100
1	694948
1	694882
1	694880
1	694878
1	694804
1	694755
1	694687
1	694611
1	694601
1	694567
1	694472
1	694284
1	694115
1	694109
1	694096
1	694089
1	694087
1	694084
1	694075
1	694074
1	694069
1	694059
1	694054
1	694044
1	693836
1	693832
1	693695
1	693669
1	693668
1	693654
1	693651
1	693648
1	693646
1	693643
1	693641
1	693630
1	693629
1	693620
1	693605
1	693519
1	693488
1	693329
1	693328
1	693326
1	693320
1	693319
1	693173
1	693171
1	693165
1	693161
1	693155
1	693153
1	693134
1	693126
1	693113
1	693110
1	693092
1	693083
1	693074
1	692834
1	692833
1	692832
1	692824
1	692821
1	692817
1	692727
1	692714
1	692712
1	692711
1	692704
1	692700
1	692694
1	692693
1	692687
1	692681
1	692670
1	692668
1	692666
1	692657
1	692650
1	692640
1	692446
1	692445
1	692306
1	692298
1	692281
1	692280
1	692278
1	692273
1	692272
1	692266
1	692264
1	692263
1	692257
1	692255
1	692246
1	692243
1	692238
1	692231
1	692229
1	692182
1	692148
1	691838
1	691830
1	691817
1	691811
1	691547
1	691546
1	691540
1	691290
1	691192
1	690741
1	690366
1	690222
1	690216
1	689964
1	689963
1	689960
1	689709
1	689703
1	689700
1	689364
1	689361
1	689358
1	689276
1	689126
1	689029
1	688354
1	688306
1	688300
1	688114
1	688109
1	687982
1	687978
1	687976
1	687739
1	687479
1	687469
1	687052
1	687004
1	687002
1	686862
1	686860
1	686712
1	686706
1	686703
1	686700
1	686503
1	686501
1	686500
1	686494
1	686251
1	686118
1	686058
1	686056
1	685899
1	685898
1	685657
1	685414
1	685409
1	685219
1	685216
1	685210
1	685209
1	684997
1	684996
1	684765
1	684764
1	684761
1	684740
1	684491
1	684490
1	684489
1	684263
1	683895
1	683886
1	683883
1	683481
1	683472
1	683465
1	683356
1	683355
1	683354
1	683291
1	683130
1	683129
1	683121
1	682784
1	682783
1	682781
1	682776
1	682775
1	682772
1	682766
1	682405
1	682403
1	682401
1	682395
1	682206
1	682031
1	682029
1	681707
1	681322
1	681315
1	681312
1	681311
1	681310
1	680859
1	680466
1	680169
1	680168
1	680164
1	679956
1	679955
1	679913
1	679819
1	679816
1	679810
1	679807
1	679511
1	679198
1	679196
1	679191
1	678796
1	678793
1	678789
1	678785
1	678781
1	678456
1	678453
1	677944
1	677941
1	677940
1	677939
1	677928
1	677925
1	677906
1	677900
1	677898
1	677897
1	677599
1	677598
1	677590
1	677589
1	677584
1	676646
1	676644
1	676515
1	676512
1	676402
1	676163
1	676157
1	676116
1	675989
1	675936
1	675932
1	675616
1	674834
1	674288
1	674287
1	674279
1	673444
1	673426
1	673199
1	673197
1	673190
1	673188
1	673186
1	673185
1	673176
1	673175
1	673173
1	673166
1	673161
1	673159
1	673153
1	673151
1	673147
1	673145
1	672794
1	672720
1	672674
1	672671
1	672120
1	672118
1	671924
1	671834
1	671529
1	670837
1	670733
1	670731
1	670668
1	670663
1	670661
1	670660
1	670659
1	670655
1	670653
1	670650
1	670356
1	670250
1	669951
1	669949
1	669144
1	669143
1	669036
1	668719
1	668645
1	668643
1	668452
1	668039
1	667084
1	667082
1	666796
1	666247
1	665618
1	664912
1	663892
1	663655
1	663595
1	663592
1	663581
1	663579
1	663577
1	663258
1	663250
1	663249
1	662683
1	662682
1	662262
1	661783
1	661386
1	661088
1	660918
1	660822
1	660471
1	660467
1	660464
1	660455
1	660451
1	660447
1	660443
1	660437
1	660398
1	660008
1	659774
1	659753
1	659744
1	659736
1	659732
1	659720
1	659717
1	659086
1	658646
1	658596
1	658593
1	658587
1	658578
1	658572
1	658571
1	658565
1	658563
1	658557
1	658556
1	658371
1	657719
1	657718
1	657712
1	657711
1	657710
1	657706
1	657097
1	657096
1	657095
1	657089
1	657088
1	657083
1	657070
1	657068
1	657053
1	657050
1	657036
1	656589
1	656581
1	656576
1	656567
1	656565
1	656562
1	656561
1	656540
1	656537
1	656534
1	656532
1	656531
1	655609
1	655606
1	655041
1	655040
1	655027
1	655025
1	654723
1	654084
1	653950
1	653949
1	653940
1	653939
1	653937
1	653603
1	653599
1	653595
1	653594
1	653590
1	653583
1	653579
1	653559
1	653557
1	653549
1	652677
1	652610
1	652603
1	652600
1	652599
1	652598
1	652594
1	652591
1	652588
1	652577
1	652566
1	652565
1	652562
1	652560
1	652489
1	651821
1	651820
1	651329
1	651233
1	651033
1	650772
1	650771
1	650768
1	650767
1	650763
1	650757
1	650750
1	650743
1	650740
1	650739
1	650738
1	650724
1	650069
1	650058
1	650056
1	650052
1	650051
1	650050
1	650044
1	650041
1	649877
1	649432
1	649412
1	648814
1	648813
1	648805
1	648804
1	648793
1	648789
1	648788
1	648787
1	648784
1	648783
1	648759
1	648657
1	648655
1	648654
1	648545
1	648370
1	648364
1	648359
1	647898
1	647885
1	647865
1	647856
1	647853
1	647844
1	647367
1	646934
1	646902
1	646891
1	646888
1	646882
1	646875
1	646874
1	646855
1	646849
1	646844
1	645557
1	645545
1	645526
1	645516
1	645509
1	645508
1	645505
1	645487
1	645477
1	645150
1	645148
1	645145
1	645142
1	645134
1	645133
1	645132
1	645122
1	645117
1	645114
1	645113
1	645112
1	645106
1	645103
1	645095
1	643657
1	643650
1	643648
1	643647
1	643646
1	643643
1	643227
1	642740
1	642103
1	642094
1	642089
1	642088
1	642086
1	642084
1	642075
1	642065
1	642060
1	642058
1	642056
1	642054
1	642052
1	642051
1	642049
1	642047
1	642038
1	640554
1	640228
1	640218
1	640205
1	640195
1	640189
1	640179
1	640174
1	640172
1	640169
1	640014
1	639279
1	638799
1	638791
1	638326
1	638321
1	638319
1	638314
1	638313
1	638303
1	638301
1	638293
1	638286
1	638277
1	638276
1	638275
1	638273
1	638272
1	638267
1	638000
1	637627
1	637287
1	636983
1	636982
1	636969
1	636968
1	636959
1	636957
1	636945
1	636944
1	636943
1	636940
1	636645
1	636631
1	636625
1	636623
1	636614
1	636611
1	636609
1	636604
1	636599
1	636489
1	636423
1	636011
1	635986
1	635985
1	635981
1	635979
1	635978
1	635977
1	635968
1	635966
1	635889
1	635040
1	635036
1	635032
1	635019
1	635018
1	635013
1	635009
1	635006
1	635004
1	635001
1	634986
1	634985
1	634853
1	634805
1	634335
1	633756
1	633744
1	633687
1	633097
1	633090
1	633076
1	633075
1	633073
1	633071
1	633068
1	633067
1	632479
1	632471
1	632470
1	632469
1	631903
1	631897
1	631077
1	630847
1	630838
1	630828
1	630823
1	630820
1	630819
1	630809
1	630205
1	629625
1	629621
1	629618
1	629615
1	629613
1	629267
1	629264
1	629261
1	628898
1	628891
1	628889
1	628883
1	628879
1	628335
1	627920
1	627917
1	627776
1	627718
1	627705
1	627704
1	627699
1	627698
1	627697
1	627695
1	627461
1	627455
1	626996
1	626993
1	626984
1	626870
1	626866
1	626670
1	625804
1	625733
1	625592
1	625591
1	625582
1	625338
1	625334
1	625333
1	625331
1	625329
1	624979
1	624804
1	624800
1	624529
1	624222
1	624214
1	624097
1	623900
1	623762
1	623751
1	623738
1	623734
1	623094
1	623084
1	622694
1	621915
1	621911
1	621908
1	621907
1	621906
1	621675
1	621666
1	621283
1	621173
1	621153
1	621152
1	621150
1	620920
1	620885
1	620197
1	619271
1	619122
1	619044
1	618782
1	618776
1	618775
1	618773
1	618772
1	618769
1	618765
1	618761
1	618758
1	618753
1	618750
1	618748
1	618746
1	618744
1	618740
1	618739
1	618414
1	618412
1	617958
1	616924
1	616921
1	616209
1	616178
1	615692
1	615653
1	615649
1	615616
1	615516
1	614951
1	614871
1	614870
1	614864
1	614863
1	614862
1	614764
1	614754
1	614674
1	614610
1	614602
1	614597
1	614306
1	614145
1	614090
1	614007
1	613909
1	613854
1	613844
1	613798
1	613369
1	613252
1	613011
1	613007
1	612831
1	612613
1	612581
1	612310
1	612198
1	612195
1	612189
1	612166
1	612110
1	611667
1	611631
1	611602
1	611531
1	611517
1	611192
1	611141
1	611131
1	611020
1	611008
1	610961
1	610812
1	610540
1	610485
1	610454
1	610385
1	610247
1	610225
1	609990
1	609936
1	609813
1	609787
1	609587
1	609301
1	609289
1	609262
1	609225
1	609152
1	609112
1	609017
1	609008
1	608966
1	608909
1	608773
1	608736
1	608655
1	608571
1	608568
1	608433
1	608074
1	607694
1	607692
1	607443
1	607253
1	607240
1	607147
1	607094
1	607061
1	607004
1	606773
1	606717
1	606652
1	606544
1	606495
1	606444
1	606367
1	606287
1	606259
1	606223
1	605793
1	605757
1	605668
1	605648
1	605565
1	605407
1	603972
1	603607
1	603392
1	603183
1	602869
1	602858
1	602855
1	602830
1	602828
1	602720
1	602719
1	602284
1	602028
1	601901
1	601744
1	601396
1	601231
1	601230
1	601229
1	601192
1	600942
1	600872
1	600797
1	600795
1	600699
1	600624
1	600506
1	600331
1	600255
1	599970
1	599778
1	599767
1	599688
1	599122
1	598841
1	598796
1	598787
1	598603
1	598403
1	598402
1	598157
1	598154
1	598150
1	598149
1	598147
1	598146
1	597477
1	596584
1	596531
1	595558
1	595301
1	595295
1	595089
1	594941
1	594892
1	594509
1	594008
1	593872
1	593331
1	593218
1	593103
1	593094
1	592497
1	592048
1	591954
1	591679
1	591675
1	591095
1	591050
1	590869
1	590867
1	590851
1	590690
1	590377
1	589999
1	589879
1	589527
1	589125
1	589121
1	589107
1	589084
1	589045
1	589012
1	588951
1	588765
1	588751
1	588750
1	588172
1	587920
1	587521
1	587085
1	587061
1	586911
1	586831
1	586364
1	585780
1	585714
1	585609
1	585540
1	585391
1	585285
1	585179
1	585176
1	585172
1	584891
1	584755
1	584575
1	584236
1	583949
1	583824
1	583795
1	583772
1	583673
1	583477
1	583338
1	583196
1	582810
1	582803
1	582527
1	582373
1	581925
1	581853
1	581529
1	581267
1	580789
1	580258
1	580194
1	579521
1	579509
1	579443
1	579290
1	579280
1	579003
1	578962
1	578870
1	578802
1	578654
1	578473
1	578468
1	578456
1	578453
1	578442
1	578299
1	578155
1	577960
1	577900
1	577676
1	577474
1	577418
1	577362
1	577059
1	577029
1	576991
1	576980
1	576827
1	576821
1	576788
1	576714
1	576666
1	576546
1	576323
1	576320
1	576231
1	575803
1	575626
1	575618
1	575570
1	575560
1	575297
1	575240
1	575183
1	574371
1	574044
1	573978
1	573767
1	573550
1	573515
1	573324
1	573205
1	573198
1	573171
1	573169
1	572890
1	572030
1	571925
1	571824
1	571823
1	571714
1	571652
1	571017
1	570985
1	570974
1	570622
1	570596
1	570093
1	569979
1	569912
1	569874
1	569785
1	569675
1	569466
1	569462
1	569459
1	569114
1	568293
1	568023
1	567968
1	567962
1	567919
1	567789
1	567717
1	567704
1	567615
1	567554
1	567390
1	566746
1	566605
1	566349
1	566188
1	565735
1	565733
1	565184
1	565040
1	564929
1	564887
1	564595
1	564478
1	564282
1	564173
1	564156
1	564139
1	564132
1	564085
1	563989
1	563927
1	563888
1	563789
1	563717
1	563572
1	563415
1	563223
1	563219
1	563044
1	562143
1	562141
1	562139
1	562138
1	562137
1	562021
1	561959
1	561913
1	561801
1	561727
1	561658
1	561653
1	561495
1	561312
1	561283
1	561278
1	561276
1	561240
1	561228
1	561204
1	561194
1	561070
1	560993
1	560979
1	560954
1	560936
1	560935
1	560932
1	560924
1	560923
1	560917
1	560914
1	560907
1	560902
1	560878
1	560859
1	560801
1	560682
1	560623
1	560622
1	560542
1	560529
1	560520
1	560469
1	560181
1	560098
1	560082
1	560034
1	560011
1	559987
1	559895
1	559419
1	559266
1	559250
1	559202
1	559195
1	559154
1	558411
1	558337
1	558250
1	558068
1	558061
1	557941
1	557936
1	557927
1	557829
1	557797
1	557753
1	557688
1	557458
1	557286
1	557194
1	557187
1	557166
1	556935
1	556843
1	556841
1	556716
1	556710
1	556699
1	556600
1	556434
1	556388
1	556017
1	555893
1	555831
1	555828
1	555317
1	555305
1	555205
1	554873
1	554868
1	554853
1	554494
1	554349
1	554335
1	553982
1	553897
1	553850
1	553747
1	553433
1	553422
1	553392
1	553267
1	553253
1	553139
1	553029
1	552923
1	552815
1	552772
1	552718
1	552715
1	552664
1	552592
1	552590
1	552427
1	552425
1	552423
1	552419
1	552130
1	551785
1	551782
1	551707
1	551554
1	551494
1	551453
1	551435
1	551174
1	551104
1	551045
1	551013
1	551005
1	550912
1	550583
1	550490
1	550376
1	550113
1	550108
1	549884
1	549858
1	549798
1	549713
1	549710
1	549708
1	549644
1	549643
1	549631
1	549622
1	549614
1	549613
1	549572
1	549449
1	549391
1	549386
1	549384
1	549049
1	548989
1	548882
1	548674
1	548293
1	548171
1	548162
1	548150
1	548075
1	547879
1	547721
1	547662
1	547583
1	547581
1	547536
1	547374
1	547364
1	547184
1	547176
1	547172
1	547168
1	547086
1	546930
1	546817
1	546793
1	546652
1	546602
1	546601
1	546502
1	546308
1	546230
1	546194
1	546106
1	545993
1	545661
1	545498
1	545461
1	545298
1	545267
1	545202
1	545128
1	545092
1	545029
1	544831
1	544821
1	544800
1	544768
1	544731
1	544589
1	544517
1	544492
1	544365
1	544325
1	543995
1	543959
1	543934
1	543933
1	543932
1	543874
1	543862
1	543546
1	543539
1	543176
1	543127
1	543105
1	543069
1	543038
1	542944
1	542881
1	542703
1	542631
1	542538
1	542537
1	542521
1	542512
1	542503
1	542501
1	542166
1	542156
1	542044
1	542037
1	541986
1	541933
1	541853
1	541852
1	541749
1	541421
1	541398
1	541329
1	541325
1	541221
1	541152
1	541130
1	541129
1	541071
1	541053
1	540781
1	540690
1	540463
1	540449
1	540289
1	540222
1	539941
1	539863
1	539611
1	539444
1	539437
1	538537
1	538430
1	538327
1	538326
1	538268
1	538267
1	538024
1	537975
1	537717
1	537714
1	537707
1	537675
1	537663
1	537616
1	537563
1	537462
1	537458
1	537253
1	537204
1	537186
1	537108
1	537107
1	537077
1	537025
1	536996
1	536989
1	536987
1	536816
1	536347
1	536337
1	536246
1	536220
1	536184
1	536135
1	536018
1	535994
1	535968
1	535922
1	535897
1	535825
1	535735
1	535457
1	535338
1	535261
1	535260
1	535142
1	535140
1	534877
1	534726
1	534641
1	534635
1	534597
1	534532
1	534382
1	534310
1	534297
1	534291
1	534068
1	534063
1	533956
1	533821
1	533672
1	533671
1	533668
1	533450
1	533449
1	533444
1	533096
1	533035
1	532969
1	532966
1	532792
1	532790
1	532699
1	532587
1	532582
1	532392
1	532262
1	532261
1	532257
1	531979
1	531978
1	531974
1	531673
1	531490
1	531489
1	531208
1	531145
1	531143
1	530668
1	530607
1	530579
1	530575
1	530571
1	530524
1	530513
1	530073
1	530070
1	530069
1	529976
1	529659
1	529656
1	529655
1	529651
1	529649
1	529460
1	529297
1	528951
1	528852
1	528619
1	528444
1	528383
1	528382
1	527967
1	527966
1	527963
1	527962
1	527959
1	527841
1	527550
1	527309
1	527269
1	527165
1	527164
1	527162
1	526980
1	526669
1	526513
1	526476
1	526462
1	526459
1	526341
1	525982
1	525980
1	525689
1	525455
1	525263
1	525044
1	525043
1	524989
1	524880
1	524851
1	524850
1	524849
1	524846
1	524842
1	524841
1	524840
1	524411
1	524222
1	524208
1	524202
1	524180
1	523990
1	523986
1	523629
1	523495
1	523376
1	523272
1	522549
1	522545
1	522531
1	522530
1	522482
1	521591
1	521589
1	521451
1	521331
1	521159
1	521089
1	520915
1	520537
1	520450
1	520370
1	520115
1	520106
1	520103
1	519995
1	519955
1	519731
1	519593
1	519589
1	519497
1	519495
1	519394
1	519388
1	519171
1	518729
1	518596
1	518592
1	518437
1	518368
1	518130
1	517973
1	517971
1	517763
1	517592
1	517591
1	517587
1	517583
1	517580
1	517340
1	517337
1	517336
1	516918
1	516741
1	516098
1	516096
1	515808
1	515722
1	515654
1	515568
1	515566
1	515229
1	514993
1	514919
1	514915
1	514899
1	514384
1	514380
1	514037
1	514023
1	514022
1	514019
1	514018
1	514017
1	514016
1	514015
1	514012
1	514007
1	513998
1	513997
1	513995
1	513724
1	513723
1	513578
1	513317
1	513183
1	512759
1	512530
1	512474
1	512389
1	512117
1	511943
1	511940
1	511937
1	511760
1	511757
1	511748
1	511542
1	511538
1	511311
1	511270
1	511143
1	511132
1	511114
1	511113
1	510919
1	510918
1	510557
1	510167
1	510155
1	510147
1	509956
1	509776
1	509426
1	509425
1	509424
1	509423
1	509216
1	508928
1	508927
1	508811
1	508588
1	508586
1	508585
1	508580
1	508316
1	508315
1	508313
1	508199
1	508096
1	508091
1	508089
1	508088
1	507948
1	507943
1	507834
1	507833
1	507826
1	507703
1	507650
1	507646
1	507640
1	507638
1	507637
1	507327
1	507219
1	507180
1	507166
1	507154
1	507082
1	507061
1	506945
1	506784
1	506769
1	506628
1	506625
1	506526
1	506488
1	506312
1	505966
1	505641
1	505547
1	505284
1	505281
1	505129
1	505126
1	505125
1	505012
1	505011
1	504740
1	504635
1	504495
1	504297
1	504110
1	504107
1	504073
1	503650
1	503642
1	503641
1	503446
1	503445
1	503444
1	503433
1	503349
1	503179
1	502602
1	502430
1	502429
1	502427
1	502279
1	502278
1	501949
1	501940
1	501659
1	501506
1	501505
1	501264
1	501189
1	501153
1	501134
1	500899
1	500591
1	500589
1	500501
1	500381
1	500209
1	500017
1	499919
1	499550
1	499540
1	499330
1	499328
1	499326
1	499155
1	498998
1	498921
1	498916
1	498558
1	498553
1	498552
1	498421
1	498419
1	498418
1	498237
1	498010
1	497840
1	497799
1	497796
1	497792
1	497681
1	497419
1	497263
1	497018
1	496712
1	496702
1	496696
1	496439
1	496434
1	496431
1	496429
1	496102
1	496062
1	496047
1	496046
1	496044
1	495802
1	495605
1	495603
1	495360
1	495359
1	495358
1	495328
1	495301
1	495160
1	495007
1	495005
1	495002
1	494685
1	494530
1	494505
1	494366
1	493971
1	493923
1	493922
1	493654
1	493603
1	493599
1	493592
1	493480
1	492546
1	492415
1	492406
1	491943
1	491942
1	491941
1	491898
1	491854
1	491850
1	491847
1	491760
1	491759
1	491752
1	491610
1	491566
1	491552
1	491551
1	491538
1	491347
1	491343
1	491246
1	491135
1	491132
1	491130
1	491129
1	491079
1	491024
1	490901
1	490794
1	490793
1	490711
1	490710
1	490543
1	490229
1	490228
1	489738
1	489730
1	489729
1	489721
1	489717
1	489706
1	489577
1	489576
1	489486
1	489168
1	489041
1	488908
1	488826
1	488823
1	488746
1	488623
1	488622
1	488545
1	488306
1	488299
1	488069
1	488039
1	487814
1	487756
1	487629
1	487431
1	487253
1	487251
1	487173
1	487171
1	487024
1	487023
1	487020
1	486868
1	486649
1	486648
1	486645
1	486644
1	486310
1	486307
1	486079
1	485920
1	485899
1	485707
1	485697
1	485696
1	485484
1	485290
1	485283
1	485151
1	485062
1	485061
1	484908
1	484907
1	484728
1	484594
1	484430
1	484429
1	484316
1	484290
1	484288
1	484283
1	484150
1	484075
1	484014
1	483890
1	483763
1	483762
1	483534
1	483398
1	483238
1	483003
1	483000
1	482998
1	482997
1	482776
1	482688
1	482686
1	482469
1	482467
1	482461
1	482264
1	482099
1	481821
1	481606
1	481443
1	481108
1	481050
1	480947
1	480944
1	480905
1	480766
1	480689
1	480472
1	480190
1	480164
1	480161
1	480160
1	480159
1	480087
1	480085
1	479849
1	479842
1	479480
1	479465
1	479256
1	479169
1	479075
1	479022
1	479019
1	478862
1	478787
1	478618
1	478589
1	478535
1	478429
1	478133
1	478126
1	477962
1	477955
1	477828
1	477782
1	477628
1	477488
1	477484
1	477314
1	477166
1	477165
1	476829
1	476828
1	476720
1	476687
1	476686
1	476685
1	476549
1	476463
1	476363
1	476359
1	476195
1	476156
1	475859
1	475856
1	475706
1	475705
1	475360
1	475358
1	475357
1	475356
1	475353
1	475352
1	475287
1	475286
1	474872
1	474675
1	474674
1	474434
1	474372
1	474370
1	474186
1	474148
1	473981
1	473979
1	473804
1	473791
1	473789
1	473737
1	473731
1	473329
1	473324
1	472959
1	472435
1	472427
1	472165
1	472002
1	471924
1	471786
1	471600
1	471593
1	471186
1	471185
1	470990
1	470988
1	470709
1	470704
1	470525
1	470029
1	470028
1	470025
1	469859
1	469440
1	469438
1	469170
1	468891
1	468654
1	468653
1	468609
1	468437
1	468263
1	468261
1	468006
1	467990
1	467972
1	467971
1	467943
1	467894
1	467836
1	467665
1	467505
1	467351
1	467274
1	467188
1	467187
1	467185
1	467089
1	467088
1	466986
1	466886
1	466782
1	466781
1	466702
1	466689
1	466663
1	466662
1	466467
1	466022
1	466010
1	465887
1	465785
1	465540
1	465459
1	465397
1	465257
1	465256
1	465046
1	465036
1	464956
1	464955
1	464878
1	464825
1	464722
1	464667
1	464380
1	464379
1	464377
1	464225
1	464099
1	464066
1	463988
1	463924
1	463889
1	463710
1	463704
1	463703
1	463702
1	463696
1	463553
1	463317
1	463310
1	463227
1	463101
1	462807
1	462805
1	462776
1	462646
1	462426
1	462404
1	462383
1	462229
1	462222
1	462017
1	461886
1	461871
1	461719
1	461712
1	461466
1	461465
1	461449
1	461431
1	460861
1	460824
1	460736
1	460715
1	460651
1	460650
1	460647
1	460620
1	460504
1	460497
1	460313
1	460021
1	460020
1	459915
1	459914
1	459912
1	459909
1	459815
1	459480
1	459353
1	459310
1	459248
1	459247
1	459244
1	459238
1	458860
1	458858
1	458714
1	458713
1	458712
1	458649
1	458269
1	458264
1	458222
1	458136
1	458133
1	458117
1	458054
1	458052
1	458051
1	457937
1	457808
1	457807
1	457805
1	457688
1	457687
1	457683
1	457616
1	457417
1	457414
1	457413
1	457412
1	457411
1	457392
1	457391
1	457385
1	457361
1	457098
1	457076
1	456870
1	456868
1	456703
1	456521
1	456520
1	456519
1	456516
1	456419
1	456417
1	456408
1	456378
1	456049
1	455670
1	455666
1	455664
1	455663
1	455503
1	455473
1	455403
1	455400
1	455237
1	454972
1	454920
1	454919
1	454882
1	454877
1	454584
1	454502
1	454455
1	454454
1	454132
1	454074
1	454067
1	453898
1	453806
1	453799
1	453539
1	453342
1	453206
1	453204
1	453203
1	453183
1	453180
1	453121
1	452926
1	452905
1	452901
1	452834
1	452643
1	452642
1	452641
1	452527
1	452515
1	452394
1	452323
1	452234
1	452093
1	452091
1	452079
1	451970
1	451914
1	451706
1	451705
1	451701
1	451699
1	451654
1	451648
1	451559
1	451332
1	451246
1	451237
1	451219
1	451218
1	451216
1	451161
1	451159
1	451150
1	450696
1	450462
1	450388
1	450369
1	450293
1	450280
1	450111
1	450036
1	450034
1	450033
1	449874
1	449873
1	449757
1	449746
1	449561
1	449556
1	449552
1	449460
1	449458
1	449456
1	449415
1	449409
1	449319
1	449312
1	449210
1	449207
1	449205
1	449116
1	449099
1	448990
1	448986
1	448981
1	448979
1	448906
1	448853
1	448832
1	448829
1	448828
1	448747
1	448519
1	448372
1	448364
1	448276
1	448159
1	448106
1	447927
1	447706
1	447705
1	447703
1	447700
1	447699
1	447679
1	447281
1	447155
1	447152
1	447140
1	446880
1	446737
1	446618
1	446449
1	446189
1	446112
1	446048
1	445889
1	445683
1	445679
1	445521
1	445409
1	445401
1	445315
1	445312
1	445277
1	445224
1	445223
1	445222
1	445143
1	444962
1	444957
1	444956
1	444817
1	444459
1	444453
1	444452
1	444449
1	444329
1	444327
1	444215
1	444087
1	444078
1	443996
1	443993
1	443876
1	443761
1	443736
1	443665
1	443656
1	443544
1	443494
1	443471
1	443329
1	443244
1	443102
1	443031
1	442905
1	442811
1	442719
1	442468
1	442265
1	442264
1	442262
1	442257
1	442066
1	442065
1	441979
1	441809
1	441805
1	441606
1	441398
1	441397
1	441318
1	441184
1	441100
1	441091
1	440982
1	440977
1	440922
1	440845
1	440844
1	440843
1	440739
1	440669
1	440668
1	440442
1	440164
1	440157
1	440035
1	439972
1	439853
1	439627
1	439607
1	439517
1	439513
1	439329
1	439058
1	438668
1	438244
1	438243
1	438091
1	437944
1	437583
1	437126
1	437125
1	436893
1	436664
1	436652
1	436474
1	436470
1	436273
1	436268
1	436085
1	436084
1	435864
1	435855
1	435701
1	435695
1	435691
1	435548
1	435546
1	435545
1	435367
1	435365
1	435228
1	434963
1	434955
1	434949
1	434694
1	434662
1	434211
1	434204
1	434063
1	434059
1	434055
1	434054
1	434003
1	434002
1	433398
1	433258
1	433197
1	432766
1	432527
1	432365
1	432308
1	432142
1	432130
1	431498
1	431307
1	431304
1	430760
1	430732
1	430590
1	430587
1	430586
1	430579
1	430352
1	430325
1	430318
1	430181
1	430178
1	429810
1	429706
1	429476
1	429438
1	429189
1	428748
1	428561
1	428477
1	428474
1	428473
1	428372
1	428335
1	428309
1	428272
1	427897
1	427895
1	427739
1	427545
1	427542
1	427539
1	427464
1	427451
1	427420
1	427243
1	427141
1	426865
1	426863
1	426703
1	426699
1	426697
1	426622
1	426437
1	426433
1	426351
1	426283
1	426054
1	425885
1	425883
1	425881
1	425875
1	425874
1	425869
1	425864
1	425816
1	425732
1	425587
1	425585
1	425512
1	425303
1	425220
1	424888
1	424702
1	424577
1	424474
1	424470
1	424388
1	424385
1	424259
1	424147
1	424014
1	423993
1	423759
1	423753
1	423752
1	423751
1	423743
1	423641
1	423601
1	423599
1	423596
1	423482
1	423218
1	423183
1	423121
1	423010
1	423008
1	422890
1	422888
1	422877
1	422835
1	422834
1	422818
1	422769
1	422722
1	422678
1	422581
1	422411
1	422184
1	421962
1	421961
1	421956
1	421792
1	421791
1	421646
1	421470
1	421319
1	420898
1	420749
1	420744
1	420618
1	420527
1	420526
1	420523
1	420504
1	420359
1	420319
1	420166
1	420021
1	420007
1	419869
1	419829
1	419827
1	419826
1	419659
1	419657
1	419651
1	419491
1	419486
1	419481
1	419309
1	419151
1	419130
1	418930
1	418774
1	418641
1	418639
1	418589
1	418510
1	418411
1	418138
1	418016
1	417765
1	417756
1	417613
1	417434
1	417157
1	417156
1	417155
1	417078
1	417077
1	417069
1	417011
1	417009
1	417007
1	416843
1	416842
1	416835
1	416780
1	416695
1	416601
1	416560
1	416556
1	416306
1	416286
1	416140
1	416008
1	415801
1	415599
1	415513
1	415494
1	415492
1	415239
1	415155
1	415152
1	415064
1	415062
1	415002
1	414945
1	414904
1	414900
1	414794
1	414792
1	414759
1	414541
1	414379
1	414281
1	414279
1	414199
1	413959
1	413937
1	413922
1	413835
1	413751
1	413734
1	413731
1	413695
1	413631
1	413628
1	413564
1	413563
1	413439
1	413437
1	413360
1	413356
1	413355
1	413353
1	413296
1	413282
1	413277
1	413223
1	413222
1	413153
1	413065
1	413059
1	412893
1	412773
1	412740
1	412546
1	412455
1	412339
1	412338
1	412337
1	412179
1	411968
1	411960
1	411948
1	411834
1	411816
1	411703
1	411701
1	411571
1	411427
1	411426
1	411300
1	411249
1	411245
1	411237
1	411133
1	410976
1	410923
1	410912
1	410906
1	410904
1	410899
1	410898
1	410896
1	410892
1	410890
1	410836
1	410675
1	410670
1	410638
1	410205
1	410201
1	410199
1	410062
1	409932
1	409841
1	409840
1	409839
1	409831
1	409830
1	409828
1	409628
1	409479
1	409353
1	409188
1	409028
1	409022
1	408843
1	408841
1	408840
1	408748
1	408747
1	408741
1	408738
1	408736
1	408580
1	408122
1	408120
1	407816
1	407781
1	407780
1	407588
1	407584
1	407583
1	407459
1	407424
1	407346
1	407301
1	407247
1	406918
1	406917
1	406630
1	406252
1	406082
1	406081
1	406079
1	405887
1	405883
1	405721
1	405431
1	405430
1	405426
1	405257
1	405255
1	405037
1	404865
1	404837
1	404433
1	404429
1	404299
1	404298
1	404296
1	404292
1	404246
1	404095
1	404021
1	404018
1	403936
1	403802
1	403801
1	403800
1	403648
1	403500
1	403134
1	403100
1	403048
1	403046
1	402989
1	402948
1	402761
1	402760
1	402743
1	402741
1	402607
1	402441
1	402438
1	402284
1	402162
1	402159
1	402103
1	402095
1	402035
1	401912
1	401909
1	401903
1	401731
1	401728
1	401726
1	401619
1	401479
1	401384
1	401383
1	401299
1	401213
1	401211
1	401106
1	401105
1	400999
1	400738
1	400596
1	400591
1	400586
1	400342
1	400295
1	400250
1	400215
1	400106
1	400026
1	399778
1	399770
1	399680
1	399651
1	399649
1	399604
1	399578
1	399524
1	399520
1	399499
1	399475
1	399473
1	399425
1	399318
1	399169
1	399161
1	399026
1	398740
1	398710
1	398709
1	398458
1	398456
1	398452
1	398214
1	398128
1	398117
1	398114
1	398090
1	397902
1	397898
1	397895
1	397894
1	397706
1	397661
1	397469
1	397150
1	397096
1	397095
1	397094
1	397093
1	396970
1	396910
1	396725
1	396672
1	396627
1	396542
1	396541
1	396506
1	396349
1	396344
1	396223
1	396133
1	396132
1	396069
1	395946
1	395859
1	395742
1	395741
1	395506
1	395242
1	394898
1	394895
1	394894
1	394702
1	394701
1	394625
1	394481
1	394477
1	394458
1	394217
1	394121
1	394120
1	394058
1	393990
1	393577
1	393335
1	393332
1	392934
1	392708
1	392703
1	392701
1	392603
1	392420
1	392404
1	392188
1	392127
1	392124
1	392068
1	392024
1	392022
1	391871
1	391870
1	391869
1	391867
1	391748
1	391369
1	391276
1	391275
1	391103
1	391086
1	391080
1	391077
1	391075
1	391072
1	390868
1	390481
1	390395
1	390393
1	390390
1	390388
1	390385
1	390382
1	390220
1	390211
1	390209
1	390180
1	389982
1	389912
1	389772
1	389546
1	389545
1	389544
1	389446
1	389175
1	389088
1	388620
1	388618
1	388614
1	388613
1	388610
1	388607
1	388443
1	388442
1	388323
1	388274
1	388174
1	388170
1	388166
1	388163
1	388149
1	387803
1	387795
1	387708
1	387575
1	387456
1	387265
1	387256
1	387242
1	387203
1	387007
1	386958
1	386789
1	386688
1	386686
1	386639
1	386633
1	386484
1	386483
1	386482
1	386480
1	386479
1	386478
1	386449
1	386364
1	386341
1	386078
1	386001
1	385997
1	385957
1	385557
1	385434
1	385431
1	385411
1	385409
1	385341
1	385252
1	384818
1	384616
1	384592
1	384523
1	384522
1	384494
1	384492
1	384491
1	384349
1	384348
1	384260
1	384156
1	384038
1	384032
1	384021
1	383938
1	383832
1	383816
1	383737
1	383733
1	383619
1	383613
1	383604
1	383595
1	383474
1	383472
1	383470
1	383419
1	383312
1	383309
1	383223
1	383016
1	382899
1	382896
1	382722
1	382674
1	382672
1	382622
1	382618
1	382616
1	382451
1	382447
1	382322
1	382201
1	382178
1	382062
1	382037
1	381995
1	381876
1	381852
1	381672
1	381532
1	381428
1	381364
1	381091
1	380813
1	380635
1	380631
1	380479
1	380473
1	380278
1	380045
1	380043
1	379815
1	379807
1	379797
1	379595
1	379519
1	379518
1	379454
1	379426
1	379387
1	379279
1	379278
1	379275
1	379273
1	379244
1	379120
1	379066
1	378975
1	378861
1	378817
1	378660
1	378657
1	378639
1	378454
1	378236
1	378103
1	378055
1	377593
1	377592
1	377526
1	377508
1	377507
1	377412
1	377302
1	377033
1	376894
1	376887
1	376877
1	376620
1	376607
1	376605
1	376554
1	376417
1	376400
1	376395
1	376309
1	376221
1	376220
1	376207
1	376206
1	375758
1	375389
1	375191
1	374953
1	374952
1	374898
1	374781
1	374779
1	374778
1	374577
1	374499
1	374497
1	374492
1	374491
1	374489
1	374487
1	374395
1	374155
1	374026
1	374009
1	374006
1	374005
1	374003
1	374002
1	373990
1	373748
1	373739
1	373669
1	373575
1	373403
1	373402
1	373397
1	373392
1	373390
1	373386
1	373299
1	373291
1	373252
1	373158
1	373155
1	373149
1	373146
1	373133
1	373038
1	373037
1	372830
1	372828
1	372545
1	372537
1	372534
1	372484
1	372264
1	372263
1	372255
1	372218
1	372189
1	371998
1	371807
1	371741
1	371544
1	371443
1	371251
1	371191
1	371188
1	371185
1	371184
1	371180
1	371176
1	371121
1	370862
1	370861
1	370809
1	370653
1	370486
1	370443
1	370426
1	370369
1	370144
1	370024
1	369968
1	369923
1	369842
1	369841
1	369840
1	369836
1	369825
1	369824
1	369823
1	369816
1	369720
1	369719
1	369718
1	369405
1	369404
1	369241
1	369234
1	369083
1	368990
1	368988
1	368712
1	368711
1	368688
1	368427
1	367984
1	367983
1	367967
1	367875
1	367874
1	367814
1	367749
1	367747
1	367746
1	367452
1	367275
1	367190
1	367189
1	367074
1	366976
1	366781
1	366673
1	366531
1	366452
1	366295
1	366294
1	366073
1	365946
1	365607
1	365606
1	365492
1	365491
1	365210
1	365055
1	365054
1	365013
1	364995
1	364992
1	364955
1	364951
1	364788
1	364691
1	364684
1	364683
1	364678
1	364283
1	363991
1	363749
1	363629
1	363390
1	363335
1	363331
1	363175
1	363135
1	362971
1	362876
1	362875
1	362837
1	362708
1	362702
1	362696
1	362446
1	362440
1	362315
1	362236
1	362097
1	362096
1	362089
1	361687
1	361295
1	361272
1	361216
1	361214
1	361085
1	361080
1	360950
1	360835
1	360665
1	360644
1	360512
1	360502
1	360359
1	360357
1	360209
1	360140
1	359951
1	359916
1	359912
1	359909
1	359904
1	359903
1	359900
1	359861
1	359561
1	359560
1	359554
1	359447
1	359427
1	359342
1	359194
1	359143
1	359139
1	358832
1	358678
1	358664
1	358663
1	358660
1	358494
1	358493
1	358492
1	358491
1	358489
1	358338
1	358335
1	358333
1	358306
1	358132
1	358124
1	357943
1	357939
1	357937
1	357918
1	357424
1	357421
1	357384
1	357267
1	357205
1	357032
1	356904
1	356806
1	356625
1	356353
1	356352
1	356320
1	356312
1	356302
1	356293
1	356241
1	356120
1	356096
1	356089
1	356074
1	356071
1	356070
1	356040
1	356037
1	356036
1	355827
1	355825
1	355344
1	355340
1	355070
1	355069
1	355055
1	355003
1	355000
1	354935
1	354791
1	354619
1	354618
1	354617
1	354511
1	354465
1	354462
1	354306
1	354219
1	354172
1	353786
1	353661
1	353542
1	353371
1	353344
1	353165
1	353058
1	352875
1	352874
1	352873
1	352764
1	352729
1	352726
1	352666
1	352649
1	352584
1	352582
1	352573
1	352434
1	352339
1	352338
1	352280
1	352191
1	352070
1	351921
1	351891
1	351824
1	351819
1	351809
1	351743
1	351680
1	351668
1	351541
1	351539
1	351421
1	351258
1	351257
1	351012
1	350923
1	350766
1	350641
1	350567
1	350547
1	350458
1	350402
1	350260
1	350112
1	349972
1	349735
1	349601
1	349600
1	349596
1	349474
1	349421
1	349340
1	349339
1	349293
1	349210
1	349199
1	349083
1	349076
1	348978
1	348891
1	348889
1	348665
1	348093
1	347922
1	347920
1	347919
1	347918
1	347912
1	347911
1	347862
1	347860
1	347724
1	347723
1	347710
1	347709
1	347708
1	347426
1	347425
1	347422
1	347417
1	347416
1	347363
1	347359
1	347240
1	347239
1	347237
1	347055
1	346939
1	346621
1	346504
1	346444
1	346443
1	346440
1	346279
1	346182
1	346026
1	346025
1	346018
1	345969
1	345830
1	345609
1	345608
1	345605
1	345596
1	345491
1	345388
1	345259
1	345258
1	345257
1	345255
1	345254
1	345061
1	345053
1	345046
1	345041
1	344827
1	344807
1	344798
1	344234
1	344232
1	344071
1	344070
1	343952
1	343737
1	343733
1	343641
1	343380
1	343208
1	343102
1	343016
1	343006
1	343003
1	342995
1	342792
1	342699
1	342697
1	342696
1	342354
1	342350
1	342261
1	342207
1	341985
1	341898
1	341399
1	341387
1	341385
1	341258
1	341072
1	341045
1	341042
1	340733
1	340629
1	340557
1	340415
1	340258
1	340254
1	340105
1	340102
1	340099
1	340093
1	339915
1	339899
1	339505
1	339417
1	339408
1	339406
1	339054
1	338772
1	338743
1	338684
1	338544
1	338542
1	338347
1	338266
1	338265
1	338259
1	338258
1	338167
1	338165
1	337942
1	337854
1	337755
1	337753
1	337635
1	337504
1	337334
1	337332
1	337331
1	337071
1	336920
1	336919
1	336805
1	336794
1	336790
1	336707
1	336621
1	336619
1	336607
1	336337
1	336336
1	336315
1	336294
1	336253
1	336118
1	336063
1	336062
1	336059
1	336046
1	335939
1	335911
1	335705
1	335607
1	335362
1	335278
1	335260
1	335109
1	334954
1	334948
1	334935
1	334593
1	334590
1	334535
1	334342
1	334324
1	334245
1	334144
1	334140
1	334063
1	333887
1	333886
1	333884
1	333667
1	333657
1	333656
1	333577
1	333575
1	333438
1	333437
1	333436
1	333434
1	333431
1	333322
1	333310
1	333207
1	333121
1	332815
1	332760
1	332693
1	332631
1	332571
1	332519
1	332159
1	332155
1	332150
1	332142
1	331206
1	331204
1	331203
1	331194
1	331188
1	331120
1	330926
1	330840
1	330839
1	330833
1	330607
1	330452
1	330450
1	330330
1	330198
1	330197
1	330193
1	329974
1	329952
1	329944
1	329937
1	329839
1	329748
1	329663
1	329583
1	329582
1	329581
1	329246
1	329239
1	329238
1	329212
1	328871
1	328778
1	328773
1	328382
1	328370
1	328272
1	328252
1	328085
1	327805
1	327802
1	327750
1	327635
1	327507
1	327218
1	327217
1	327216
1	327210
1	327157
1	327156
1	327153
1	327059
1	326878
1	326655
1	326584
1	326582
1	326194
1	326175
1	326038
1	326023
1	326020
1	325991
1	325715
1	325515
1	325344
1	325343
1	325337
1	325224
1	325211
1	325180
1	324931
1	324747
1	324714
1	324419
1	324210
1	324151
1	324024
1	324012
1	323974
1	323822
1	323758
1	323753
1	323706
1	323554
1	323514
1	323460
1	323458
1	323455
1	323454
1	323453
1	323451
1	323450
1	323416
1	323219
1	323194
1	323075
1	323014
1	322855
1	322853
1	322852
1	322663
1	322660
1	322659
1	322593
1	322384
1	322383
1	322381
1	322086
1	322064
1	322059
1	321982
1	321685
1	321660
1	321603
1	321480
1	321382
1	321374
1	321074
1	321070
1	320763
1	320762
1	320749
1	320747
1	320545
1	320402
1	320286
1	320285
1	320282
1	320281
1	320164
1	320163
1	320161
1	320146
1	319909
1	319821
1	319820
1	319736
1	319663
1	319401
1	319397
1	319329
1	319212
1	319121
1	319057
1	318960
1	318926
1	318855
1	318854
1	318853
1	318852
1	318850
1	318524
1	318424
1	318378
1	318289
1	318254
1	318217
1	318194
1	318046
1	318041
1	317958
1	317957
1	317451
1	317233
1	317140
1	317118
1	317034
1	317003
1	316946
1	316827
1	316826
1	316713
1	316435
1	316200
1	316198
1	316101
1	316097
1	315996
1	315982
1	315940
1	315904
1	315744
1	315741
1	315740
1	315722
1	315620
1	315489
1	315484
1	315228
1	315227
1	314655
1	314613
1	314607
1	314421
1	314379
1	314378
1	314335
1	314334
1	314087
1	314082
1	314078
1	313656
1	313553
1	313436
1	313391
1	313209
1	313207
1	312930
1	312915
1	312905
1	312902
1	312901
1	312754
1	312657
1	312598
1	312415
1	312414
1	312413
1	312293
1	312196
1	311989
1	311876
1	311642
1	311639
1	311636
1	311320
1	311230
1	311228
1	311176
1	311057
1	311055
1	311050
1	310938
1	310904
1	310852
1	310447
1	310444
1	310357
1	310356
1	310266
1	310207
1	310092
1	310026
1	310001
1	309975
1	309968
1	309787
1	309762
1	309618
1	309571
1	309469
1	309357
1	309053
1	308764
1	308566
1	308555
1	308454
1	308260
1	308081
1	307942
1	307648
1	307605
1	307604
1	307603
1	307551
1	307549
1	307363
1	307360
1	307273
1	307268
1	307094
1	307087
1	306970
1	306712
1	306659
1	306618
1	306506
1	306462
1	306460
1	306443
1	306440
1	306379
1	306120
1	306117
1	305828
1	305720
1	305642
1	305208
1	305082
1	304972
1	304970
1	304783
1	304781
1	304576
1	304505
1	304262
1	304239
1	304136
1	304059
1	303989
1	303986
1	303875
1	303794
1	303446
1	303363
1	303358
1	302972
1	302968
1	302967
1	302898
1	302831
1	302828
1	302825
1	302768
1	302654
1	302653
1	302513
1	302503
1	302502
1	302357
1	302354
1	302352
1	302351
1	302281
1	302196
1	302176
1	302055
1	302054
1	301920
1	301742
1	301741
1	301740
1	301739
1	301738
1	301736
1	301735
1	301584
1	301573
1	301572
1	301571
1	301567
1	301562
1	301400
1	301399
1	301252
1	301251
1	301250
1	301249
1	300966
1	300661
1	300660
1	300610
1	300491
1	300401
1	300350
1	299611
1	299346
1	298814
1	298813
1	298812
1	298772
1	298680
1	298558
1	298552
1	298360
1	298204
1	297967
1	297885
1	297676
1	297597
1	297557
1	297555
1	297426
1	297246
1	297244
1	297127
1	297091
1	296940
1	296836
1	296750
1	296747
1	296648
1	296638
1	296530
1	296528
1	296349
1	296343
1	296175
1	296171
1	296081
1	296010
1	296008
1	296003
1	296000
1	295999
1	295996
1	295899
1	295871
1	295672
1	295668
1	295315
1	294784
1	294782
1	294741
1	294694
1	294649
1	294616
1	294584
1	294434
1	294357
1	294356
1	294347
1	294319
1	294314
1	294257
1	294256
1	294253
1	294250
1	294176
1	294142
1	294061
1	294055
1	294004
1	293891
1	293686
1	293683
1	293568
1	293465
1	293464
1	293463
1	293402
1	293314
1	293218
1	293215
1	293214
1	293118
1	293113
1	293021
1	293018
1	292906
1	292900
1	292899
1	292854
1	292799
1	292798
1	292797
1	292700
1	292666
1	292661
1	292565
1	292556
1	292534
1	292483
1	292476
1	292475
1	292474
1	292470
1	292336
1	292320
1	292319
1	292169
1	292167
1	292120
1	291983
1	291981
1	291978
1	291976
1	291849
1	291671
1	291500
1	291499
1	291361
1	291214
1	291196
1	291004
1	291001
1	290997
1	290872
1	290576
1	290415
1	290231
1	290089
1	289944
1	289942
1	289941
1	289666
1	289665
1	289555
1	289463
1	289262
1	289261
1	289260
1	289224
1	289167
1	289140
1	288652
1	288527
1	288418
1	288409
1	288408
1	288406
1	288405
1	288402
1	288400
1	288399
1	287965
1	287962
1	287961
1	287769
1	287685
1	287558
1	287550
1	287237
1	286995
1	286985
1	286984
1	286983
1	286698
1	286538
1	285857
1	285855
1	285794
1	285744
1	285618
1	285615
1	285485
1	285484
1	285481
1	285273
1	285216
1	285214
1	285109
1	284915
1	284910
1	284885
1	284749
1	284748
1	284747
1	284646
1	284584
1	284490
1	284341
1	284260
1	284044
1	284039
1	284032
1	283717
1	283714
1	283712
1	283711
1	283416
1	283225
1	283224
1	283223
1	283221
1	283044
1	283039
1	283038
1	283030
1	282509
1	282448
1	282353
1	282239
1	282051
1	282000
1	281999
1	281669
1	281668
1	281663
1	281661
1	281549
1	281514
1	281513
1	281510
1	281509
1	281500
1	281495
1	281316
1	281310
1	281183
1	281056
1	280954
1	280842
1	280838
1	280829
1	280608
1	280607
1	280598
1	280596
1	280593
1	280364
1	280354
1	280353
1	280350
1	280275
1	280175
1	280173
1	280172
1	279982
1	279943
1	279941
1	279798
1	279755
1	279614
1	279608
1	279605
1	279536
1	279437
1	279427
1	279426
1	279247
1	279241
1	279217
1	279207
1	279205
1	279200
1	278981
1	278980
1	278923
1	278777
1	278747
1	278742
1	278741
1	278740
1	278737
1	278426
1	278425
1	278281
1	278259
1	278241
1	278237
1	278145
1	277943
1	277941
1	277936
1	277926
1	277877
1	277350
1	277346
1	277343
1	277055
1	277052
1	277050
1	277049
1	277046
1	277045
1	277044
1	276685
1	276677
1	276674
1	276673
1	276351
1	276179
1	276178
1	276094
1	276057
1	275949
1	275897
1	275689
1	275685
1	275636
1	275279
1	275209
1	275147
1	274998
1	274954
1	274897
1	274484
1	274481
1	274479
1	274446
1	274445
1	274152
1	274150
1	274149
1	274148
1	274144
1	274143
1	274142
1	273687
1	273686
1	273684
1	273146
1	273141
1	273133
1	273103
1	273101
1	273099
1	273018
1	272879
1	272379
1	272341
1	272246
1	271783
1	271776
1	271771
1	271761
1	271187
1	271181
1	271179
1	271176
1	271173
1	271168
1	271166
1	271165
1	271157
1	271047
1	270777
1	270412
1	270352
1	270277
1	270273
1	270270
1	270266
1	269775
1	269763
1	269762
1	269761
1	269760
1	269516
1	269236
1	269220
1	269217
1	269212
1	269157
1	268778
1	268774
1	268772
1	268767
1	268764
1	268762
1	268601
1	267825
1	267815
1	267812
1	267809
1	267807
1	267672
1	267554
1	267514
1	267223
1	267222
1	267221
1	267218
1	267217
1	267216
1	267215
1	267213
1	267212
1	267211
1	267057
1	267054
1	267051
1	267050
1	267043
1	267041
1	267037
1	266728
1	266485
1	266477
1	266365
1	266327
1	266285
1	265822
1	265364
1	265361
1	264928
1	264918
1	264916
1	264906
1	264779
1	264560
1	264363
1	264362
1	264359
1	264355
1	264083
1	263863
1	263862
1	263858
1	263856
1	263854
1	263412
1	263411
1	263410
1	263202
1	263143
1	263141
1	263140
1	262825
1	262824
1	262822
1	262821
1	262818
1	262815
1	262810
1	262808
1	262526
1	262523
1	262522
1	262516
1	262201
1	261908
1	261632
1	261625
1	261614
1	261613
1	261610
1	261581
1	261329
1	261324
1	261313
1	261312
1	261255
1	261024
1	261022
1	261021
1	261017
1	261009
1	261006
1	261004
1	261002
1	260999
1	260970
1	260708
1	260707
1	260702
1	260313
1	260309
1	260305
1	260295
1	260293
1	260291
1	260250
1	260237
1	260123
1	259947
1	259940
1	259938
1	259936
1	259924
1	259715
1	259542
1	259540
1	259528
1	259364
1	259176
1	259172
1	259171
1	259170
1	259169
1	259164
1	258789
1	258783
1	258464
1	258463
1	258459
1	258454
1	258096
1	258095
1	258094
1	258089
1	258087
1	258086
1	257995
1	257943
1	257875
1	257824
1	257821
1	257816
1	257502
1	257499
1	257493
1	257485
1	257232
1	257230
1	257228
1	257225
1	257036
1	257035
1	257030
1	257029
1	257015
1	256871
1	256866
1	256472
1	256470
1	256466
1	256464
1	256463
1	256284
1	256282
1	256281
1	256280
1	256276
1	256077
1	256073
1	255907
1	255740
1	255630
1	255578
1	255577
1	255574
1	255458
1	255455
1	255298
1	255297
1	255296
1	255186
1	255185
1	255057
1	255054
1	255051
1	255047
1	255042
1	254895
1	254889
1	254884
1	254883
1	254878
1	254876
1	254706
1	254703
1	254701
1	254693
1	254692
1	254555
1	254411
1	254410
1	254404
1	254400
1	254204
1	254200
1	254199
1	254198
1	254194
1	254191
1	254189
1	253940
1	253938
1	253935
1	253791
1	253690
1	253672
1	253465
1	253232
1	253227
1	253224
1	253222
1	253221
1	252729
1	252487
1	252484
1	252480
1	252478
1	252451
1	252437
1	252217
1	252207
1	252206
1	251931
1	251930
1	251926
1	251925
1	251924
1	251608
1	251598
1	251412
1	251241
1	251238
1	251236
1	251235
1	251234
1	251228
1	251226
1	251224
1	250936
1	250935
1	250932
1	250931
1	250929
1	250504
1	250498
1	250495
1	250490
1	250488
1	250296
1	250152
1	250106
1	250100
1	250099
1	250091
1	249694
1	249693
1	249692
1	249688
1	249679
1	249282
1	249175
1	248869
1	248860
1	248463
1	248461
1	248450
1	248449
1	248443
1	248176
1	248124
1	248102
1	248099
1	248097
1	248093
1	248091
1	247980
1	247753
1	247696
1	247689
1	247688
1	247682
1	247681
1	247679
1	247678
1	247517
1	247276
1	247274
1	247273
1	247272
1	247270
1	247269
1	247266
1	247264
1	246922
1	246920
1	246909
1	246908
1	246907
1	246524
1	246523
1	246522
1	246517
1	246515
1	246510
1	246116
1	246113
1	246110
1	246107
1	246105
1	246100
1	246098
1	246096
1	246095
1	245880
1	245675
1	245673
1	245671
1	245665
1	245663
1	245347
1	245343
1	245015
1	245008
1	245007
1	245006
1	245000
1	244998
1	244848
1	244731
1	244718
1	244456
1	244454
1	244445
1	244438
1	244404
1	244211
1	244094
1	244023
1	244022
1	244018
1	243840
1	243839
1	243838
1	243580
1	243407
1	243406
1	243399
1	243396
1	243182
1	243179
1	243178
1	243175
1	243173
1	242957
1	242954
1	242953
1	242762
1	242537
1	242375
1	242356
1	242328
1	242324
1	242317
1	242313
1	242170
1	242023
1	242021
1	242018
1	241889
1	241880
1	241758
1	241754
1	241615
1	241609
1	241417
1	241416
1	241411
1	240992
1	240990
1	240988
1	240983
1	240982
1	240979
1	240763
1	240738
1	240737
1	240730
1	240727
1	240569
1	240479
1	240475
1	240237
1	240230
1	240221
1	239984
1	239975
1	239732
1	239731
1	239723
1	239722
1	239719
1	239712
1	239711
1	239708
1	239530
1	239436
1	239398
1	239396
1	239384
1	239144
1	239107
1	239096
1	239030
1	238995
1	238730
1	238726
1	238717
1	238714
1	238713
1	238711
1	238709
1	238358
1	238353
1	238348
1	238345
1	238344
1	238028
1	238027
1	238026
1	238025
1	238021
1	238020
1	238018
1	237745
1	237670
1	237669
1	237667
1	237662
1	237660
1	237658
1	237630
1	237594
1	237552
1	237277
1	237275
1	236857
1	236848
1	236847
1	236456
1	236455
1	236453
1	236452
1	236451
1	236449
1	236448
1	236447
1	236445
1	236443
1	236076
1	236075
1	236073
1	236070
1	236068
1	236065
1	235563
1	235558
1	235555
1	235543
1	235542
1	235541
1	235540
1	235539
1	235083
1	235080
1	235077
1	235076
1	235075
1	235074
1	235072
1	234647
1	234645
1	234643
1	234213
1	233771
1	233768
1	233763
1	233761
1	233754
1	233625
1	233336
1	233335
1	233326
1	233325
1	232837
1	232833
1	232832
1	232831
1	232830
1	232824
1	232491
1	232405
1	232348
1	232345
1	232336
1	231890
1	231888
1	231884
1	231612
1	231471
1	231371
1	231366
1	231363
1	230862
1	230859
1	230858
1	230856
1	230855
1	230501
1	230496
1	230129
1	230126
1	230116
1	230106
1	229741
1	229737
1	229733
1	229730
1	229729
1	229381
1	229345
1	229339
1	229338
1	229337
1	229336
1	229333
1	229326
1	229029
1	229026
1	229023
1	229021
1	229019
1	228811
1	228806
1	228798
1	228793
1	228792
1	228791
1	228790
1	228589
1	228585
1	228583
1	228580
1	228388
1	228386
1	228385
1	228384
1	228383
1	228382
1	228289
1	228249
1	228248
1	228245
1	228080
1	228079
1	227920
1	227917
1	227915
1	227906
1	227722
1	227718
1	227713
1	227711
1	227523
1	227301
1	227298
1	227128
1	227127
1	227122
1	227121
1	227118
1	227115
1	227112
1	227110
1	227033
1	226956
1	226951
1	226815
1	226800
1	226799
1	226797
1	226795
1	226792
1	226790
1	226644
1	226641
1	226508
1	226505
1	226504
1	226502
1	226302
1	226299
1	226298
1	226297
1	226289
1	226288
1	226094
1	226092
1	226089
1	226087
1	226085
1	226081
1	226080
1	225865
1	225858
1	225855
1	225844
1	225667
1	225666
1	225658
1	225437
1	225432
1	225431
1	225424
1	225421
1	225419
1	225414
1	225229
1	225198
1	225197
1	225196
1	225190
1	225185
1	225184
1	225182
1	225175
1	225168
1	225164
1	224954
1	224953
1	224950
1	224945
1	224941
1	224648
1	224646
1	224643
1	224640
1	224639
1	224632
1	224629
1	224352
1	224351
1	224348
1	224345
1	224344
1	224343
1	224337
1	224334
1	224333
1	224330
1	224046
1	224038
1	224033
1	224026
1	224019
1	223831
1	223738
1	223735
1	223733
1	223732
1	223728
1	223724
1	223440
1	223190
1	223148
1	223146
1	223145
1	222910
1	222897
1	222843
1	222678
1	222585
1	222583
1	222578
1	222508
1	222219
1	222218
1	221896
1	221778
1	221674
1	221671
1	221588
1	221470
1	221333
1	221332
1	221046
1	220849
1	220560
1	220559
1	220557
1	220551
1	220550
1	220545
1	220544
1	220542
1	220539
1	220537
1	220403
1	220287
1	220285
1	220284
1	220280
1	220013
1	220009
1	219997
1	219753
1	219750
1	219742
1	219658
1	219657
1	219654
1	219601
1	219600
1	219549
1	219471
1	219470
1	219332
1	219269
1	219099
1	219092
1	219079
1	219039
1	218890
1	218794
1	218668
1	218667
1	218592
1	218536
1	218535
1	218529
1	218398
1	218054
1	218050
1	218048
1	217849
1	217846
1	217801
1	217647
1	217632
1	217600
1	217565
1	217556
1	217447
1	217446
1	217445
1	217444
1	217324
1	217102
1	217064
1	217061
1	217060
1	216989
1	216988
1	216985
1	216893
1	216892
1	216851
1	216757
1	216756
1	216755
1	216662
1	216500
1	216426
1	216402
1	216378
1	216146
1	216016
1	216013
1	215897
1	215896
1	215843
1	215841
1	215778
1	215776
1	215733
1	215732
1	215731
1	215730
1	215728
1	215675
1	215508
1	215452
1	215411
1	215150
1	214989
1	214977
1	214839
1	214837
1	214836
1	214771
1	214750
1	214639
1	214597
1	214572
1	214432
1	214428
1	214427
1	214334
1	214333
1	214256
1	214254
1	214252
1	214157
1	213959
1	213952
1	213902
1	213898
1	213785
1	213737
1	213610
1	213513
1	213350
1	213348
1	213165
1	213164
1	213163
1	213161
1	213160
1	212932
1	212931
1	212894
1	212824
1	212705
1	212704
1	212476
1	212474
1	212472
1	212457
1	212377
1	212373
1	212228
1	212148
1	212132
1	212038
1	211844
1	211779
1	211536
1	211499
1	211458
1	211450
1	211057
1	210999
1	210570
1	210326
1	210114
1	210034
1	209502
1	209494
1	209489
1	209373
1	209241
1	209238
1	209237
1	208897
1	208859
1	208734
1	208646
1	208536
1	208535
1	208532
1	208451
1	208447
1	208445
1	208348
1	207942
1	207939
1	207844
1	207819
1	207798
1	207714
1	207689
1	207669
1	207515
1	207443
1	207442
1	207376
1	207305
1	207303
1	207255
1	207180
1	206975
1	206957
1	206857
1	206584
1	206526
1	206381
1	206380
1	206379
1	206375
1	206344
1	206343
1	206309
1	206308
1	206242
1	206207
1	206071
1	206052
1	205976
1	205974
1	205906
1	205827
1	205802
1	205790
1	205789
1	205681
1	205650
1	205648
1	205584
1	205582
1	205560
1	205466
1	205414
1	205204
1	205203
1	205195
1	205148
1	205075
1	205074
1	204941
1	204812
1	204703
1	204641
1	204603
1	204559
1	204481
1	204380
1	204266
1	204185
1	204101
1	203897
1	203821
1	203283
1	203274
1	203062
1	202905
1	202827
1	202821
1	202743
1	202713
1	202532
1	202502
1	202427
1	202351
1	202296
1	202292
1	202103
1	202006
1	202003
1	201866
1	201861
1	201787
1	201783
1	201766
1	201336
1	201330
1	201293
1	201160
1	201100
1	200748
1	200674
1	200573
1	200572
1	200570
1	200566
1	200465
1	200363
1	200151
1	199949
1	199946
1	199942
1	199763
1	199760
1	199755
1	199650
1	199549
1	199516
1	199514
1	199465
1	199429
1	199305
1	199304
1	199301
1	199275
1	199135
1	199130
1	199101
1	198973
1	198972
1	198831
1	198764
1	198760
1	198735
1	198734
1	198689
1	198632
1	198631
1	198575
1	198573
1	198571
1	198496
1	198432
1	198424
1	198320
1	198318
1	198279
1	198274
1	198271
1	198166
1	198061
1	198059
1	198056
1	198043
1	197998
1	197992
1	197989
1	197920
1	197913
1	197911
1	197589
1	197482
1	197477
1	197398
1	197395
1	197343
1	197258
1	197135
1	197072
1	196989
1	196903
1	196850
1	196847
1	196823
1	196738
1	196728
1	196727
1	196628
1	196489
1	196317
1	196212
1	195929
1	195926
1	195901
1	195733
1	195503
1	195498
1	195390
1	195388
1	195287
1	195180
1	195179
1	195176
1	195175
1	195077
1	195074
1	195006
1	194921
1	194919
1	194915
1	194801
1	194800
1	194641
1	194474
1	194472
1	194350
1	194348
1	194347
1	194325
1	194067
1	194066
1	193899
1	193839
1	193802
1	193779
1	193657
1	193652
1	193545
1	193481
1	193364
1	193358
1	193151
1	193134
1	193036
1	193035
1	193034
1	192867
1	192865
1	192797
1	192796
1	192662
1	192607
1	192582
1	192469
1	192465
1	192409
1	192408
1	192348
1	192345
1	192344
1	192286
1	192236
1	192182
1	192068
1	191947
1	191781
1	191780
1	191779
1	191730
1	191729
1	191728
1	191542
1	191450
1	191347
1	191283
1	191227
1	191225
1	191158
1	191143
1	191036
1	190820
1	190813
1	190753
1	190714
1	190657
1	190616
1	190509
1	190506
1	190434
1	190432
1	190427
1	190423
1	190422
1	190073
1	190016
1	189936
1	189867
1	189865
1	189781
1	189702
1	189608
1	189542
1	189538
1	189377
1	189300
1	189223
1	189220
1	189129
1	189127
1	189126
1	189125
1	189124
1	189121
1	189120
1	189119
1	189040
1	188904
1	188903
1	188812
1	188799
1	188796
1	188588
1	188487
1	188376
1	188373
1	188334
1	188329
1	188319
1	188241
1	188234
1	188146
1	187966
1	187703
1	187702
1	187586
1	187141
1	187013
1	187012
1	186865
1	186862
1	186859
1	186618
1	186368
1	186366
1	186365
1	186363
1	186341
1	186322
1	186253
1	186114
1	186107
1	185911
1	185910
1	185909
1	185906
1	185779
1	185766
1	185645
1	185516
1	185406
1	185401
1	185011
1	184917
1	184912
1	184911
1	184860
1	184802
1	184526
1	184360
1	184245
1	184188
1	184087
1	183992
1	183902
1	183779
1	183678
1	183677
1	183675
1	183671
1	183574
1	183495
1	183157
1	183061
1	183060
1	183054
1	183016
1	182967
1	182887
1	182885
1	182883
1	182881
1	182761
1	182683
1	182634
1	182557
1	182556
1	182518
1	182514
1	182294
1	182245
1	182243
1	182242
1	182239
1	182116
1	182001
1	181843
1	181837
1	181720
1	181715
1	181711
1	181681
1	181680
1	181678
1	181597
1	181548
1	181546
1	181545
1	181544
1	181543
1	181542
1	181538
1	181503
1	181502
1	181421
1	181394
1	181393
1	181391
1	181269
1	181268
1	181264
1	181127
1	181126
1	181124
1	181062
1	180827
1	180826
1	180654
1	180537
1	180476
1	180469
1	180097
1	179986
1	179983
1	179512
1	179511
1	179509
1	179409
1	179286
1	179276
1	179237
1	179158
1	179157
1	179156
1	178834
1	178695
1	178594
1	178587
1	178582
1	178531
1	178488
1	178487
1	178486
1	178429
1	178303
1	178253
1	178207
1	178142
1	177887
1	177830
1	177753
1	177692
1	177657
1	177599
1	177596
1	177418
1	177416
1	177413
1	177410
1	177408
1	177219
1	177218
1	177215
1	177105
1	176873
1	176748
1	176693
1	176624
1	176580
1	176579
1	176445
1	176329
1	176313
1	176311
1	176309
1	176179
1	176178
1	176177
1	176174
1	176055
1	175978
1	175878
1	175875
1	175812
1	175534
1	175494
1	175399
1	175312
1	175310
1	175285
1	175283
1	175278
1	175251
1	175204
1	175134
1	175133
1	175119
1	175019
1	175017
1	174892
1	174760
1	174753
1	174622
1	174619
1	174516
1	174480
1	174478
1	174342
1	174337
1	174333
1	173536
1	173533
1	173406
1	173404
1	173323
1	172828
1	172777
1	172662
1	172595
1	172590
1	172557
1	172524
1	172412
1	172095
1	172090
1	171762
1	171734
1	171729
1	171728
1	171727
1	171721
1	171719
1	171715
1	171712
1	171379
1	171376
1	171374
1	171372
1	171077
1	171076
1	171072
1	171058
1	170989
1	170811
1	170626
1	170617
1	170356
1	169962
1	169961
1	169959
1	169958
1	169955
1	169953
1	169950
1	169941
1	169935
1	169933
1	169901
1	169899
1	169821
1	169817
1	169815
1	169813
1	169510
1	169504
1	169069
1	168785
1	168521
1	168487
1	168482
1	168475
1	168469
1	168467
1	168466
1	168465
1	168462
1	168461
1	168446
1	168443
1	168441
1	168438
1	168429
1	168426
1	166958
1	166866
1	166706
1	166635
1	166397
1	165728
1	165136
1	165033
1	165025
1	164853
1	164642
1	164305
1	164118
1	163735
1	163648
1	163510
1	163067
1	162125
1	162039
1	161027
1	160650
1	160309
1	159579
1	159571
1	159570
1	159463
1	159421
1	159211
1	159156
1	158739
1	158664
1	158663
1	158659
1	158658
1	158643
1	157914
1	157910
1	157908
1	157902
1	157679
1	157678
1	157677
1	157672
1	157653
1	157402
1	157401
1	157400
1	157131
1	157073
1	157061
1	157059
1	156828
1	156825
1	156824
1	156822
1	156141
1	156133
1	156131
1	156129
1	156126
1	156125
1	155720
1	155717
1	155715
1	155714
1	155313
1	155309
1	155216
1	154914
1	154910
1	154526
1	154524
1	154521
1	154515
1	154506
1	154056
1	154053
1	154051
1	154048
1	153975
1	153642
1	153632
1	153242
1	153241
1	153239
1	153238
1	153226
1	153223
1	152766
1	152765
1	152764
1	152759
1	152288
1	152277
1	152267
1	152235
1	152107
1	151842
1	151839
1	151831
1	151830
1	151424
1	151409
1	151015
1	151011
1	151009
1	150645
1	150643
1	150642
1	150639
1	150637
1	150633
1	150632
1	150625
1	150624
1	150623
1	150622
1	150373
1	150234
1	150231
1	150223
1	150221
1	150042
1	149749
1	149744
1	149450
1	149356
1	149354
1	149349
1	149342
1	149272
1	149198
1	148954
1	148949
1	148946
1	148938
1	148456
1	148449
1	148447
1	148442
1	148160
1	148158
1	147931
1	147930
1	147927
1	147920
1	147700
1	147698
1	147697
1	147693
1	147692
1	147690
1	147689
1	147679
1	147479
1	147478
1	147477
1	147475
1	147472
1	147468
1	147262
1	147247
1	147242
1	147241
1	147239
1	146795
1	146792
1	146790
1	146788
1	146584
1	146583
1	146581
1	146319
1	146310
1	146307
1	146305
1	146304
1	146303
1	146299
1	146297
1	146015
1	146010
1	145807
1	145806
1	145646
1	145470
1	145297
1	145291
1	145290
1	145160
1	145159
1	145158
1	145030
1	144970
1	144896
1	144890
1	144884
1	144718
1	144699
1	144566
1	144558
1	144400
1	144389
1	144384
1	144383
1	144381
1	144377
1	144376
1	144244
1	144242
1	144240
1	144238
1	144197
1	144037
1	144033
1	144030
1	143880
1	143835
1	143681
1	143680
1	143677
1	143673
1	143670
1	143509
1	143502
1	143381
1	143313
1	143304
1	143301
1	143299
1	143292
1	143290
1	143077
1	143074
1	143041
1	142986
1	142936
1	142837
1	142835
1	142808
1	142786
1	142741
1	142249
1	142205
1	142202
1	141484
1	141482
1	141476
1	141475
1	141471
1	141403
1	141355
1	141179
1	141120
1	141117
1	140703
1	140694
1	140693
1	140691
1	140686
1	140581
1	140523
1	140236
1	140229
1	140221
1	140047
1	139950
1	139545
1	139541
1	139535
1	139532
1	139531
1	139530
1	139525
1	139242
1	138944
1	138933
1	138929
1	138923
1	138922
1	138475
1	138408
1	138406
1	138404
1	138403
1	138402
1	138401
1	138395
1	138392
1	138389
1	138105
1	137934
1	137931
1	137923
1	137912
1	137907
1	137893
1	137376
1	137375
1	137371
1	137368
1	137358
1	137338
1	137104
1	136847
1	136845
1	136843
1	136841
1	136837
1	136642
1	136351
1	136347
1	136344
1	136336
1	136335
1	136326
1	136289
1	135994
1	135934
1	135875
1	135868
1	135864
1	135862
1	135859
1	135858
1	135857
1	135849
1	135357
1	135353
1	135352
1	135348
1	135347
1	135343
1	135338
1	135335
1	135334
1	134853
1	134840
1	134839
1	134836
1	134375
1	134368
1	134363
1	134361
1	134357
1	134356
1	134233
1	134083
1	133955
1	133954
1	133953
1	133948
1	133937
1	133777
1	133683
1	133610
1	133606
1	133605
1	133602
1	133600
1	133307
1	133305
1	133302
1	133300
1	133051
1	133050
1	133044
1	133037
1	133036
1	133032
1	132761
1	132757
1	132752
1	132751
1	132488
1	132487
1	132486
1	132483
1	132476
1	132475
1	132472
1	132176
1	132174
1	132172
1	132167
1	131851
1	131848
1	131835
1	131831
1	131500
1	131442
1	131439
1	131095
1	131082
1	131081
1	131080
1	131078
1	131076
1	131053
1	130955
1	130757
1	130756
1	130745
1	130742
1	130524
1	130519
1	130517
1	130516
1	130515
1	130514
1	130511
1	130509
1	130485
1	130279
1	130044
1	129995
1	129992
1	129990
1	129987
1	129986
1	129861
1	129804
1	129800
1	129674
1	129623
1	129621
1	129620
1	129614
1	129542
1	129410
1	129221
1	129220
1	129199
1	129058
1	129056
1	129052
1	128915
1	128743
1	128704
1	128703
1	128508
1	128507
1	128425
1	128348
1	128346
1	128345
1	128342
1	128282
1	128159
1	128131
1	128130
1	128129
1	128126
1	128123
1	127964
1	127958
1	127949
1	127935
1	127905
1	127633
1	127632
1	127628
1	127627
1	127622
1	127436
1	127434
1	127432
1	127431
1	127227
1	127223
1	127221
1	126805
1	126799
1	126797
1	126795
1	126404
1	126357
1	126356
1	126159
1	126104
1	126055
1	125908
1	125793
1	125775
1	125771
1	125625
1	125621
1	125437
1	125434
1	125432
1	125050
1	124907
1	124853
1	124695
1	124510
1	124493
1	124490
1	124279
1	124185
1	124000
1	123999
1	123896
1	123869
1	123531
1	123359
1	123236
1	123200
1	123169
1	123080
1	123074
1	123072
1	122945
1	122802
1	122800
1	122729
1	122620
1	122615
1	122612
1	122443
1	122380
1	122376
1	122338
1	122114
1	122110
1	122013
1	121830
1	121668
1	121411
1	121184
1	120861
1	120789
1	120787
1	120785
1	120705
1	120550
1	120480
1	120416
1	120332
1	120271
1	120234
1	120150
1	120101
1	120097
1	119979
1	119913
1	119911
1	119910
1	119824
1	119804
1	119709
1	119544
1	119507
1	119261
1	119155
1	119063
1	119062
1	119061
1	119058
1	118945
1	118829
1	118817
1	118701
1	118603
1	118523
1	118370
1	118228
1	118224
1	118113
1	118106
1	118058
1	117972
1	117969
1	117868
1	117814
1	117663
1	117662
1	117660
1	117521
1	117519
1	117515
1	117504
1	117203
1	117200
1	117199
1	117112
1	116868
1	116787
1	116392
1	116355
1	116289
1	116285
1	116284
1	116282
1	116281
1	116277
1	116268
1	116186
1	116168
1	116112
1	116111
