qty id_tweet
--- --------
3	559023
2	796182
2	740407
2	609052
2	604520
2	419504
2	396462
2	285225
2	224688
2	138977
1	823462
1	821282
1	820557
1	819969
1	818554
1	807328
1	806979
1	806659
1	802404
1	799433
1	796992
1	796183
1	796180
1	795922
1	795916
1	794212
1	789490
1	786311
1	785213
1	785209
1	785050
1	785040
1	782252
1	781550
1	780534
1	775777
1	772919
1	771583
1	770824
1	770279
1	766767
1	764506
1	763542
1	763536
1	760621
1	759308
1	756511
1	754423
1	751113
1	748299
1	745189
1	745090
1	745086
1	744992
1	740408
1	740073
1	739327
1	735869
1	728873
1	721673
1	721627
1	719413
1	718478
1	715842
1	714955
1	714482
1	711943
1	709446
1	704638
1	700582
1	698407
1	698288
1	697565
1	697098
1	694761
1	688677
1	683947
1	683153
1	682478
1	682477
1	682474
1	679236
1	678850
1	675342
1	673042
1	670849
1	660099
1	657326
1	654166
1	654160
1	650136
1	649286
1	647246
1	642367
1	640798
1	639008
1	635260
1	634542
1	623628
1	621460
1	615940
1	615389
1	611983
1	608616
1	603510
1	593362
1	584334
1	581844
1	581037
1	578515
1	577735
1	576543
1	575201
1	573403
1	570356
1	570329
1	569973
1	568303
1	564719
1	559996
1	558896
1	558675
1	556341
1	555769
1	553034
1	550985
1	549446
1	548923
1	544254
1	544114
1	539438
1	538005
1	537102
1	536032
1	531145
1	520287
1	518600
1	518450
1	518133
1	517138
1	512992
1	512542
1	511166
1	505708
1	503447
1	500222
1	493717
1	489356
1	482633
1	472685
1	470547
1	470226
1	469873
1	467681
1	466737
1	462213
1	454155
1	453809
1	449481
1	447941
1	444972
1	437149
1	431963
1	427467
1	425308
1	423118
1	418517
1	414173
1	413963
1	409596
1	407465
1	406935
1	404842
1	404098
1	403942
1	403199
1	401464
1	401204
1	398392
1	397376
1	396155
1	396154
1	395510
1	395251
1	390399
1	389997
1	388767
1	384167
1	382496
1	380487
1	377675
1	375554
1	374587
1	373306
1	373171
1	369536
1	369122
1	367754
1	360516
1	360147
1	359724
1	359572
1	357401
1	356834
1	353791
1	353354
1	352880
1	349492
1	347380
1	346454
1	346193
1	345482
1	344244
1	342815
1	339454
1	336318
1	335607
1	335113
1	334724
1	334720
1	334682
1	331627
1	329845
1	329262
1	327232
1	324784
1	324752
1	322685
1	319917
1	319719
1	319575
1	319084
1	317772
1	316542
1	315454
1	314435
1	311380
1	306814
1	305820
1	304682
1	304476
1	301909
1	299654
1	291967
1	291203
1	286933
1	284552
1	281550
1	278773
1	276710
1	275317
1	272554
1	271437
1	271272
1	269289
1	266139
1	265420
1	264111
1	263446
1	261318
1	261080
1	257524
1	251118
1	247285
1	244756
1	240257
1	239740
1	238062
1	236110
1	232875
1	224683
1	221366
1	219594
1	218025
1	218022
1	217626
1	216026
1	215109
1	214178
1	214166
1	214082
1	213617
1	213264
1	212480
1	210842
1	209386
1	209383
1	208423
1	206750
1	203911
1	202946
1	200575
1	199830
1	192745
1	179295
1	178563
1	178115
1	177990
1	172332
1	160444
1	158597
1	158123
1	157732
1	156335
1	155962
1	152084
1	149537
1	143601
1	141653
1	137400
1	126392
1	124515
1	117817
1	117211
1	116452
