qty id_tweet
--- --------
48	188231
20	135984
17	179272
13	269291
12	237700
11	185766
10	182256
9	307065
9	208658
9	151763
9	133084
9	116339
8	420003
8	339432
8	317020
8	302818
8	209937
8	189048
8	179624
8	163983
8	136892
7	417453
7	385037
7	334070
7	292794
7	208649
7	205653
7	179179
7	141356
7	116456
6	766760
6	682837
6	621189
6	366952
6	365255
6	357049
6	308170
6	308011
6	237372
6	230163
6	228621
6	221921
6	212629
6	206473
6	179076
6	178230
6	177075
6	167488
6	148691
6	145565
6	126374
6	115883
5	786311
5	721665
5	697991
5	599809
5	529481
5	494591
5	467193
5	452137
5	402617
5	381602
5	369694
5	368748
5	353877
5	353429
5	347254
5	345073
5	327444
5	323091
5	316748
5	313819
5	309184
5	293462
5	292405
5	290632
5	290550
5	285061
5	283273
5	241637
5	238750
5	229772
5	226974
5	218023
5	203065
5	195397
5	190504
5	189112
5	186245
5	185920
5	180149
5	179244
5	178563
5	159701
5	155972
5	151668
5	144491
5	135894
5	134896
5	128363
5	126392
5	126385
5	124928
5	115885
4	816788
4	810232
4	802064
4	787749
4	782039
4	775476
4	759944
4	754425
4	734491
4	731162
4	729642
4	724929
4	721366
4	720674
4	715901
4	702688
4	697992
4	697558
4	689515
4	633833
4	625541
4	622891
4	608880
4	585721
4	559469
4	556685
4	555357
4	551086
4	541879
4	534386
4	531859
4	523383
4	519145
4	498691
4	494778
4	480692
4	479466
4	476876
4	460179
4	455497
4	449216
4	448122
4	447736
4	445520
4	430201
4	427470
4	424031
4	407594
4	394857
4	391288
4	380197
4	353791
4	350328
4	334806
4	327240
4	326589
4	322260
4	322089
4	320068
4	315992
4	307066
4	305638
4	305181
4	287296
4	278529
4	275422
4	267287
4	262847
4	260728
4	258807
4	248848
4	244463
4	238754
4	238749
4	231431
4	226524
4	225730
4	223761
4	219402
4	212054
4	210842
4	209248
4	208998
4	207764
4	207761
4	207590
4	206828
4	205274
4	205076
4	204653
4	204280
4	199306
4	199106
4	196823
4	1952
4	189151
4	187686
4	183975
4	179390
4	173972
4	170064
4	168235
4	163999
4	163463
4	159529
4	159067
4	158763
4	156661
4	154752
4	141026
4	138977
4	136890
4	135931
4	135431
4	128533
4	126386
4	119024
4	118950
4	118949
4	116469
3	820557
3	817395
3	805046
3	804372
3	795920
3	795237
3	793488
3	790984
3	790170
3	787870
3	779292
3	778324
3	774109
3	766892
3	766758
3	765754
3	760627
3	758478
3	757440
3	751990
3	751754
3	744070
3	741061
3	736401
3	735869
3	732700
3	730361
3	729644
3	726450
3	719187
3	712623
3	711625
3	711619
3	710934
3	704317
3	699205
3	697568
3	696757
3	691239
3	690549
3	690256
3	685248
3	681377
3	681143
3	680192
3	678855
3	666272
3	662686
3	660013
3	655360
3	654205
3	654181
3	649477
3	649271
3	647971
3	647238
3	645934
3	645918
3	645903
3	643881
3	637394
3	635459
3	633849
3	633832
3	626191
3	622879
3	613608
3	598720
3	598328
3	588866
3	582721
3	578856
3	575809
3	571031
3	570043
3	563121
3	560775
3	558677
3	556847
3	555267
3	554317
3	543003
3	536267
3	533647
3	532399
3	528416
3	523385
3	517781
3	517137
3	516016
3	515240
3	513590
3	507049
3	505398
3	504085
3	502603
3	501813
3	501523
3	498386
3	493611
3	491905
3	488322
3	479647
3	475431
3	472880
3	471963
3	470224
3	469875
3	469126
3	465409
3	463449
3	461453
3	461250
3	459487
3	458889
3	458887
3	458175
3	457231
3	456942
3	456533
3	453884
3	453374
3	452925
3	449618
3	447768
3	445707
3	443631
3	441102
3	440362
3	440172
3	438694
3	436303
3	435424
3	434389
3	428058
3	426002
3	425826
3	425226
3	424150
3	423353
3	422655
3	421101
3	420669
3	420366
3	415507
3	414619
3	413547
3	412444
3	412085
3	411436
3	407384
3	404843
3	403939
3	400698
3	398101
3	396903
3	391283
3	391049
3	386641
3	384389
3	384068
3	381854
3	381192
3	379431
3	379291
3	378870
3	377862
3	377835
3	377568
3	372498
3	370459
3	368756
3	368678
3	368126
3	367318
3	364239
3	363755
3	360593
3	357051
3	356199
3	355802
3	355422
3	354312
3	352049
3	350912
3	349486
3	346760
3	346453
3	346039
3	342422
3	341899
3	341638
3	341053
3	334972
3	334725
3	334705
3	333065
3	332533
3	331462
3	329258
3	327239
3	326889
3	325651
3	324978
3	323981
3	322673
3	322098
3	321608
3	320455
3	319917
3	316626
3	314604
3	313563
3	311634
3	308549
3	307358
3	305369
3	304902
3	304259
3	303373
3	299300
3	296781
3	294054
3	291603
3	291318
3	290203
3	289419
3	286815
3	286729
3	286228
3	285227
3	285225
3	284926
3	283501
3	279631
3	276713
3	272425
3	271281
3	269288
3	268303
3	267891
3	267890
3	266314
3	266307
3	265415
3	263347
3	260504
3	256480
3	254692
3	251476
3	248482
3	247710
3	247706
3	246634
3	246127
3	244755
3	244214
3	243196
3	242542
3	242182
3	240492
3	240008
3	238053
3	237007
3	234259
3	234191
3	233814
3	233373
3	233366
3	230893
3	230527
3	229770
3	229377
3	228828
3	227355
3	224374
3	223170
3	222920
3	222255
3	221694
3	219872
3	219475
3	218785
3	218382
3	216021
3	215895
3	215724
3	214001
3	213186
3	210890
3	210573
3	210339
3	210039
3	209600
3	207765
3	207673
3	206830
3	206779
3	205153
3	204814
3	204568
3	204283
3	203783
3	203499
3	203064
3	202831
3	202532
3	202106
3	201696
3	201614
3	200751
3	199107
3	197277
3	194688
3	191025
3	190092
3	187693
3	186244
3	185607
3	183127
3	182412
3	182297
3	181316
3	180820
3	180380
3	180078
3	179967
3	177869
3	177712
3	177362
3	177192
3	176269
3	174853
3	173878
3	171803
3	171688
3	171680
3	169565
3	169328
3	166968
3	163992
3	163991
3	163797
3	163338
3	162605
3	160441
3	158943
3	158914
3	158168
3	158122
3	155957
3	155273
3	152087
3	148692
3	147524
3	145421
3	145284
3	144894
3	141314
3	139139
3	138981
3	137522
3	136422
3	135903
3	134322
3	132512
3	130030
3	130010
3	129820
3	129602
3	128896
3	127644
3	127260
3	127009
3	126148
3	124931
3	123721
3	121303
3	121171
3	117166
3	115886
2	822243
2	820556
2	819965
2	819964
2	819741
2	819130
2	819125
2	819124
2	819123
2	818265
2	817116
2	815029
2	813527
2	813526
2	812760
2	812091
2	811034
2	810872
2	808933
2	807699
2	807324
2	806283
2	805867
2	805609
2	805048
2	802651
2	802404
2	801782
2	800003
2	798434
2	798009
2	797845
2	797641
2	796984
2	796181
2	794923
2	794612
2	794580
2	794554
2	793170
2	792840
2	792839
2	792148
2	792146
2	792144
2	790992
2	790990
2	790980
2	790580
2	790168
2	789831
2	788871
2	788574
2	788335
2	786443
2	786310
2	786223
2	785220
2	785052
2	785046
2	785044
2	784835
2	783066
2	783055
2	782817
2	781791
2	780532
2	778576
2	775780
2	775775
2	775467
2	77483
2	774106
2	772093
2	771891
2	771888
2	766767
2	766766
2	766751
2	766472
2	766470
2	763001
2	762986
2	762985
2	761960
2	761002
2	760250
2	759307
2	759306
2	758361
2	758360
2	758359
2	757759
2	757666
2	757200
2	756975
2	755405
2	753747
2	751839
2	750680
2	750678
2	748318
2	748299
2	748297
2	748288
2	746674
2	745819
2	745497
2	744419
2	744063
2	743923
2	743545
2	743153
2	742257
2	741590
2	740409
2	740070
2	739330
2	738635
2	738190
2	737253
2	736397
2	735871
2	735423
2	734494
2	733134
2	733130
2	732430
2	732122
2	731167
2	731160
2	730465
2	729998
2	728245
2	725754
2	725108
2	724942
2	724033
2	723237
2	723226
2	722204
2	721675
2	720994
2	720978
2	720284
2	718469
2	718465
2	718088
2	717930
2	717865
2	717123
2	714958
2	714483
2	712622
2	712621
2	710838
2	709448
2	708566
2	707341
2	707085
2	706182
2	705861
2	703884
2	701655
2	700897
2	700585
2	700575
2	700572
2	700571
2	700349
2	700345
2	698407
2	697993
2	697561
2	697557
2	696390
2	695978
2	694955
2	694210
2	693762
2	691238
2	691237
2	691206
2	689516
2	688912
2	687312
2	687311
2	686729
2	684742
2	684535
2	683508
2	682842
2	682831
2	681749
2	680959
2	680623
2	680502
2	680189
2	679900
2	679549
2	678847
2	678499
2	678283
2	678008
2	677649
2	677636
2	676196
2	675937
2	673433
2	673421
2	673412
2	673410
2	670898
2	670848
2	669959
2	669149
2	669148
2	665963
2	665960
2	664929
2	664294
2	661099
2	660028
2	660010
2	659997
2	659038
2	659029
2	659026
2	659017
2	655385
2	655367
2	655356
2	654202
2	651355
2	649437
2	649296
2	649284
2	649283
2	645910
2	645908
2	645031
2	644417
2	644127
2	643926
2	643897
2	643891
2	643890
2	643880
2	643878
2	643837
2	643830
2	642683
2	642682
2	642680
2	640811
2	640808
2	640806
2	640798
2	639033
2	636251
2	634543
2	634536
2	633969
2	633842
2	633840
2	632349
2	631578
2	630952
2	629612
2	629490
2	628621
2	628607
2	625027
2	624451
2	623642
2	622877
2	622081
2	621462
2	621459
2	620893
2	619916
2	619914
2	618922
2	618921
2	618902
2	618895
2	613705
2	613610
2	613248
2	613028
2	609266
2	608549
2	604485
2	603215
2	602944
2	599842
2	599793
2	599320
2	597530
2	594600
2	594046
2	591352
2	587369
2	584165
2	582850
2	582225
2	582176
2	580545
2	580213
2	580162
2	579986
2	579855
2	579853
2	579830
2	579822
2	579423
2	578990
2	578726
2	578146
2	577957
2	577619
2	577049
2	577016
2	576984
2	576698
2	575060
2	575010
2	573661
2	571738
2	570903
2	568498
2	568180
2	567404
2	567261
2	565359
2	565249
2	561388
2	560882
2	560352
2	559878
2	559539
2	559523
2	559398
2	558197
2	556708
2	556631
2	556341
2	553173
2	551016
2	550336
2	547180
2	546233
2	545057
2	544413
2	544404
2	544308
2	543727
2	542730
2	541519
2	538985
2	538531
2	537480
2	536473
2	535760
2	534766
2	534077
2	533960
2	533385
2	532402
2	532004
2	531148
2	530976
2	529896
2	529688
2	529502
2	529307
2	529305
2	529303
2	528418
2	527791
2	525988
2	525973
2	525971
2	525842
2	525717
2	525580
2	525480
2	525295
2	525066
2	525025
2	524195
2	524194
2	523633
2	523280
2	522543
2	521815
2	521600
2	521599
2	520718
2	520659
2	520289
2	519598
2	518599
2	518598
2	517351
2	515846
2	515241
2	513736
2	513318
2	512993
2	511959
2	511875
2	511767
2	511163
2	510405
2	509802
2	508985
2	508983
2	508596
2	507547
2	507432
2	507085
2	506318
2	506264
2	506045
2	503487
2	503358
2	503352
2	502736
2	501968
2	501966
2	501521
2	501520
2	500759
2	500613
2	500612
2	500404
2	500396
2	500229
2	500224
2	500223
2	499929
2	499073
2	499005
2	498693
2	498252
2	498140
2	498031
2	497156
2	496580
2	496418
2	494687
2	492016
2	491864
2	491863
2	491033
2	490754
2	490434
2	489831
2	489290
2	489289
2	487272
2	487270
2	485823
2	485430
2	485408
2	483255
2	483127
2	482308
2	481836
2	480852
2	480594
2	480583
2	479855
2	478338
2	477971
2	476203
2	475867
2	475501
2	474699
2	474397
2	474396
2	473818
2	473205
2	471797
2	470044
2	469808
2	468648
2	467863
2	467679
2	467100
2	466790
2	466675
2	466201
2	465179
2	464968
2	464550
2	462841
2	462558
2	461249
2	461073
2	460035
2	459587
2	459263
2	458893
2	458892
2	458179
2	458078
2	458077
2	457767
2	457255
2	456079
2	455702
2	454730
2	454157
2	453999
2	452776
2	452083
2	452031
2	451203
2	450171
2	450049
2	448439
2	447942
2	447940
2	447923
2	447099
2	447017
2	446543
2	446201
2	445705
2	445517
2	444000
2	443177
2	443175
2	442991
2	441748
2	441322
2	441192
2	439987
2	439861
2	439533
2	439121
2	438825
2	438253
2	438113
2	435066
2	434575
2	434381
2	433798
2	433694
2	433595
2	432995
2	432992
2	432581
2	432541
2	430203
2	429206
2	428871
2	428481
2	427930
2	426260
2	425739
2	425737
2	425125
2	424670
2	424394
2	424029
2	423885
2	423768
2	422905
2	422186
2	421797
2	421071
2	420515
2	420179
2	420034
2	420026
2	419669
2	419506
2	419504
2	419321
2	418792
2	418518
2	417862
2	417460
2	417021
2	417019
2	415503
2	414284
2	414205
2	414184
2	413743
2	413158
2	413068
2	412783
2	412665
2	412549
2	411703
2	411437
2	411146
2	411145
2	408429
2	408125
2	407926
2	407797
2	407789
2	407472
2	406930
2	406929
2	405261
2	405176
2	404899
2	404331
2	404305
2	404303
2	404174
2	403320
2	402946
2	402918
2	402033
2	401725
2	401535
2	401473
2	400699
2	400697
2	400695
2	400690
2	400333
2	400327
2	399534
2	399163
2	399161
2	399015
2	398672
2	398661
2	398125
2	396357
2	396355
2	395932
2	394981
2	394502
2	393899
2	393697
2	393693
2	393098
2	392571
2	392437
2	392286
2	392131
2	392129
2	391707
2	391286
2	391160
2	391119
2	391094
2	391093
2	389998
2	389577
2	388382
2	387958
2	387952
2	386643
2	386082
2	385056
2	384370
2	384264
2	383318
2	383204
2	382883
2	382625
2	382493
2	382492
2	382338
2	381855
2	380484
2	380063
2	380052
2	380051
2	379571
2	379088
2	378255
2	378253
2	378242
2	378241
2	378040
2	377675
2	377525
2	377512
2	375554
2	375520
2	374592
2	374586
2	374359
2	373171
2	371459
2	371196
2	371193
2	371058
2	370508
2	370035
2	369420
2	368746
2	368680
2	368128
2	368111
2	367561
2	367555
2	367445
2	367275
2	366926
2	365445
2	365065
2	364864
2	363415
2	363186
2	362840
2	362839
2	362543
2	362453
2	362290
2	361091
2	360761
2	360760
2	360625
2	360345
2	360039
2	359148
2	359123
2	358502
2	358352
2	358245
2	358143
2	356833
2	356512
2	356511
2	356412
2	356220
2	356202
2	355845
2	355591
2	355588
2	355428
2	355078
2	353756
2	353540
2	353168
2	352813
2	352357
2	350885
2	350101
2	349987
2	349618
2	348753
2	348651
2	348233
2	348103
2	347866
2	347863
2	347685
2	347683
2	347370
2	346952
2	346624
2	346527
2	345420
2	345418
2	345177
2	345168
2	345148
2	345139
2	345137
2	344806
2	343739
2	343382
2	343015
2	342381
2	341700
2	341242
2	340509
2	340507
2	340270
2	339715
2	339484
2	338380
2	337085
2	337014
2	336954
2	335779
2	335506
2	335381
2	334974
2	334679
2	334673
2	334670
2	334561
2	334419
2	334349
2	334180
2	333764
2	332824
2	332167
2	331767
2	331630
2	331530
2	331465
2	331463
2	331461
2	331460
2	330958
2	330462
2	330343
2	330214
2	329772
2	329770
2	329091
2	328798
2	328795
2	328387
2	328284
2	328283
2	328280
2	328096
2	327825
2	327821
2	326884
2	325715
2	325354
2	324178
2	323471
2	323129
2	323029
2	323027
2	322685
2	322507
2	322394
2	322256
2	322254
2	322093
2	321663
2	321212
2	321211
2	321077
2	320994
2	320760
2	320427
2	320171
2	320067
2	319575
2	318327
2	318108
2	317645
2	317043
2	316923
2	316717
2	316625
2	316523
2	316206
2	316203
2	316168
2	314896
2	314602
2	314429
2	314428
2	314184
2	314181
2	313822
2	313821
2	313536
2	313167
2	313037
2	312407
2	311824
2	311822
2	311383
2	310901
2	310756
2	310168
2	309704
2	309615
2	309180
2	309046
2	308895
2	308759
2	308550
2	308420
2	308096
2	307876
2	307647
2	307082
2	307056
2	306032
2	305555
2	305182
2	304964
2	304869
2	304501
2	304394
2	304233
2	304103
2	303677
2	303491
2	302819
2	301904
2	300807
2	300805
2	300546
2	299581
2	298727
2	298136
2	296636
2	296167
2	296017
2	294552
2	293951
2	292980
2	292890
2	292747
2	292406
2	292160
2	291962
2	291856
2	290853
2	290521
2	290518
2	290408
2	290306
2	290204
2	290202
2	289138
2	289137
2	289014
2	288488
2	288407
2	288038
2	287299
2	287293
2	286931
2	286893
2	286536
2	286534
2	286194
2	285683
2	285679
2	285518
2	285200
2	284608
2	284078
2	283268
2	283052
2	282935
2	282477
2	282265
2	281339
2	279765
2	279625
2	279228
2	278774
2	278770
2	278767
2	278448
2	278427
2	277968
2	277961
2	277747
2	277744
2	277676
2	277675
2	277673
2	276272
2	275772
2	275153
2	272959
2	272423
2	271284
2	271275
2	271274
2	271270
2	270588
2	270356
2	270354
2	270352
2	270347
2	269830
2	269828
2	269287
2	269278
2	268534
2	267889
2	267399
2	266315
2	266305
2	265422
2	265418
2	265417
2	265322
2	264973
2	264671
2	264670
2	264405
2	264112
2	261643
2	261318
2	261047
2	260416
2	260330
2	260325
2	259936
2	257859
2	256100
2	254435
2	254233
2	253715
2	253038
2	252784
2	252515
2	251965
2	251629
2	251627
2	251287
2	250980
2	250539
2	250534
2	249763
2	249310
2	249309
2	247794
2	247709
2	247284
2	246928
2	246129
2	246064
2	245369
2	244750
2	244028
2	243849
2	243199
2	241433
2	240756
2	240261
2	239745
2	239411
2	238577
2	238350
2	238066
2	238054
2	237331
2	237322
2	237319
2	236902
2	236496
2	235619
2	235127
2	234693
2	233889
2	233815
2	233369
2	233362
2	232880
2	232871
2	232870
2	231933
2	231929
2	231925
2	230890
2	230886
2	230652
2	230528
2	230525
2	230157
2	229769
2	229768
2	229328
2	229060
2	228833
2	228618
2	228432
2	227316
2	226976
2	224974
2	224685
2	224056
2	224017
2	223464
2	222919
2	222428
2	221368
2	221363
2	220892
2	220337
2	219887
2	219797
2	219082
2	218534
2	218531
2	218386
2	216497
2	216493
2	216424
2	216285
2	215670
2	215449
2	215214
2	214958
2	214841
2	214705
2	214641
2	214433
2	214081
2	213619
2	213407
2	213398
2	213396
2	213180
2	212945
2	212939
2	212716
2	212626
2	212167
2	212153
2	211929
2	211007
2	210823
2	210715
2	210075
2	209650
2	209506
2	209502
2	208903
2	208765
2	208447
2	207944
2	207762
2	207681
2	207674
2	207307
2	206430
2	206220
2	206180
2	205803
2	205689
2	205518
2	205080
2	204651
2	204647
2	204488
2	204387
2	204362
2	204277
2	204194
2	204192
2	203907
2	203780
2	203779
2	203774
2	203497
2	203063
2	202934
2	202216
2	202052
2	201700
2	201693
2	201606
2	201551
2	200650
2	200437
2	200234
2	200014
2	199989
2	199830
2	199660
2	199308
2	199276
2	198376
2	198375
2	198063
2	197558
2	197000
2	196739
2	195731
2	195728
2	195627
2	195393
2	194018
2	193727
2	193556
2	192953
2	192741
2	192535
2	192188
2	192086
2	191541
2	191031
2	190612
2	190502
2	190418
2	190228
2	189931
2	189771
2	189447
2	189441
2	189374
2	189226
2	189216
2	189046
2	188813
2	188366
2	188225
2	187971
2	187964
2	187955
2	187834
2	187688
2	186998
2	186845
2	186585
2	186576
2	186486
2	186485
2	185638
2	185034
2	185032
2	184729
2	184492
2	183758
2	183476
2	183310
2	183236
2	183179
2	183054
2	182877
2	182876
2	182826
2	182785
2	182741
2	182628
2	182588
2	182176
2	181791
2	181786
2	181617
2	181493
2	181425
2	180640
2	180379
2	180283
2	180081
2	179965
2	179395
2	179245
2	179182
2	178349
2	178343
2	178232
2	178229
2	178118
2	177989
2	177986
2	177872
2	177068
2	177064
2	176928
2	176662
2	176660
2	176548
2	176438
2	176416
2	176414
2	176274
2	176113
2	176108
2	175746
2	175738
2	175610
2	175468
2	175225
2	175101
2	174723
2	174722
2	174437
2	174288
2	174286
2	174045
2	173805
2	173710
2	173207
2	172288
2	172276
2	171682
2	171681
2	171307
2	170189
2	169913
2	169888
2	169770
2	168640
2	167740
2	167390
2	166977
2	166976
2	166969
2	165165
2	165012
2	165011
2	165010
2	165009
2	164436
2	164110
2	164001
2	163996
2	163989
2	163497
2	163491
2	163424
2	163418
2	163382
2	163381
2	163366
2	163336
2	163325
2	162165
2	160451
2	160154
2	159696
2	159592
2	159476
2	158884
2	158817
2	158775
2	158698
2	158666
2	158656
2	158647
2	158645
2	158137
2	158130
2	158069
2	157548
2	156662
2	155551
2	155188
2	154746
2	154297
2	154292
2	153967
2	153476
2	152664
2	152560
2	152222
2	152085
2	151687
2	150822
2	149934
2	148341
2	148336
2	148332
2	147376
2	145937
2	145929
2	144995
2	144314
2	143980
2	143727
2	143231
2	143228
2	143219
2	142978
2	142005
2	141960
2	141647
2	140906
2	140096
2	138864
2	137970
2	137968
2	137878
2	137416
2	136905
2	136428
2	136352
2	135988
2	134894
2	134888
2	133349
2	133082
2	133078
2	130028
2	130012
2	129813
2	129645
2	129067
2	128732
2	127969
2	127643
2	127439
2	127245
2	126373
2	126144
2	125870
2	125868
2	125203
2	124029
2	123543
2	122967
2	120554
2	119790
2	119467
2	118843
2	118378
2	118263
2	117211
2	117180
2	116477
2	116468
2	116448
2	116263
2	116126
2	116123
2	116122
2	116121
1	888
1	823664
1	823252
1	823207
1	822926
1	822809
1	822806
1	822242
1	821810
1	821002
1	820997
1	820558
1	820517
1	820515
1	820512
1	820511
1	820221
1	820219
1	820218
1	820217
1	819966
1	819962
1	819961
1	819447
1	819126
1	818868
1	818557
1	818556
1	818548
1	818264
1	817733
1	817397
1	817114
1	817113
1	816792
1	816435
1	816428
1	816068
1	816060
1	815376
1	815375
1	815374
1	815370
1	815369
1	815368
1	815045
1	815039
1	815038
1	815036
1	815034
1	815031
1	814750
1	814749
1	814174
1	813796
1	813795
1	813794
1	813525
1	813250
1	813249
1	812762
1	812530
1	812528
1	812527
1	812294
1	812293
1	812291
1	812092
1	812090
1	811991
1	811941
1	811806
1	811766
1	811149
1	810994
1	810775
1	810773
1	810772
1	810234
1	810233
1	810230
1	810090
1	809781
1	809778
1	809362
1	809359
1	809160
1	809158
1	809154
1	808935
1	808934
1	808930
1	808894
1	808695
1	808676
1	808671
1	808667
1	808666
1	808665
1	808392
1	808390
1	808068
1	808067
1	808065
1	808063
1	807708
1	807704
1	807703
1	807702
1	807701
1	807698
1	807696
1	807329
1	807325
1	807323
1	807220
1	806982
1	806981
1	806978
1	806299
1	806297
1	806296
1	806294
1	806293
1	806284
1	806275
1	805868
1	805866
1	805611
1	805610
1	805347
1	804714
1	804711
1	804710
1	804708
1	804705
1	804375
1	804373
1	803997
1	803993
1	803992
1	803991
1	803645
1	803345
1	803004
1	803003
1	803000
1	802649
1	802646
1	802644
1	802399
1	802398
1	802070
1	802069
1	802068
1	802067
1	802065
1	801788
1	801787
1	801786
1	801785
1	801535
1	801279
1	801278
1	801274
1	801273
1	801271
1	801026
1	800799
1	800784
1	800782
1	800781
1	800780
1	800623
1	800458
1	800335
1	800306
1	800179
1	800159
1	799858
1	799431
1	798954
1	798724
1	798723
1	798433
1	798328
1	798239
1	798238
1	798236
1	798008
1	798007
1	798004
1	798002
1	797942
1	797852
1	797850
1	797849
1	797847
1	797844
1	797651
1	797648
1	797644
1	797639
1	797638
1	797636
1	797633
1	797632
1	797451
1	797444
1	797443
1	797248
1	797242
1	797241
1	797239
1	797236
1	797233
1	796989
1	796982
1	796712
1	796710
1	796708
1	796705
1	796702
1	796700
1	796479
1	796478
1	796474
1	796473
1	796190
1	796185
1	796180
1	795926
1	795917
1	795569
1	795565
1	795564
1	795562
1	795561
1	795549
1	795280
1	795249
1	795248
1	795247
1	795244
1	795236
1	795233
1	795231
1	794928
1	794926
1	794919
1	794918
1	794558
1	794555
1	794553
1	794210
1	794208
1	794204
1	793847
1	793496
1	793495
1	793180
1	793178
1	793176
1	793175
1	793173
1	793172
1	793171
1	792845
1	792843
1	792838
1	792521
1	792520
1	792517
1	792516
1	792157
1	792154
1	792153
1	792152
1	792150
1	792149
1	792147
1	792145
1	791723
1	791722
1	791719
1	791716
1	791713
1	791525
1	791338
1	791335
1	791334
1	791332
1	791330
1	791327
1	790994
1	790993
1	790991
1	790988
1	790590
1	790587
1	790586
1	790583
1	790176
1	790175
1	790171
1	790169
1	789844
1	789839
1	789837
1	789832
1	789830
1	789493
1	789162
1	789161
1	789160
1	788880
1	788879
1	788875
1	788874
1	788872
1	788577
1	788576
1	788337
1	788336
1	787881
1	787873
1	787869
1	787753
1	787751
1	787438
1	787435
1	786922
1	786444
1	786312
1	786222
1	786218
1	785894
1	785754
1	785579
1	785412
1	785221
1	785217
1	785216
1	785212
1	785048
1	785045
1	785042
1	785041
1	784838
1	784832
1	784831
1	784584
1	784582
1	784581
1	784578
1	784576
1	784575
1	784471
1	784376
1	784371
1	784370
1	784369
1	784368
1	784367
1	784366
1	784364
1	784363
1	784191
1	784083
1	783964
1	783858
1	783434
1	783431
1	783349
1	783277
1	783275
1	783273
1	783070
1	783067
1	783062
1	783061
1	783060
1	783058
1	783056
1	783050
1	783048
1	783042
1	783041
1	783040
1	783038
1	782893
1	782819
1	782818
1	782448
1	782250
1	782043
1	782042
1	782041
1	781552
1	781551
1	781548
1	781080
1	780830
1	780829
1	780824
1	780823
1	780533
1	780530
1	780140
1	780138
1	780136
1	779869
1	779867
1	779865
1	779864
1	779570
1	779566
1	779563
1	779561
1	779560
1	779407
1	779295
1	779293
1	779289
1	778930
1	778929
1	778928
1	778611
1	778609
1	778607
1	778579
1	778578
1	778332
1	778329
1	778326
1	778325
1	778057
1	778005
1	778001
1	777999
1	777654
1	777653
1	777651
1	777648
1	777268
1	777266
1	776974
1	776681
1	776679
1	776399
1	776396
1	776395
1	776394
1	776393
1	775783
1	775778
1	775477
1	775475
1	775471
1	775466
1	775465
1	775464
1	775462
1	774400
1	774387
1	774250
1	774245
1	774113
1	774111
1	774110
1	774105
1	774104
1	774103
1	773794
1	773562
1	773290
1	773140
1	773015
1	773014
1	773013
1	773009
1	772675
1	772600
1	772505
1	772378
1	772253
1	772095
1	771890
1	771746
1	771589
1	771587
1	771585
1	771582
1	771423
1	771368
1	771366
1	771342
1	771340
1	771129
1	771127
1	771124
1	770830
1	770825
1	770822
1	770639
1	770632
1	770281
1	770277
1	769838
1	769832
1	769623
1	769367
1	769085
1	768395
1	768388
1	768386
1	768384
1	768382
1	768123
1	768121
1	767880
1	767845
1	767277
1	766893
1	766762
1	766759
1	766755
1	766473
1	766471
1	766469
1	766468
1	766467
1	766466
1	766079
1	765753
1	765523
1	765243
1	765025
1	765023
1	765022
1	764780
1	764777
1	764506
1	764314
1	764302
1	764299
1	764081
1	763847
1	763664
1	763582
1	763544
1	763539
1	763537
1	763531
1	763530
1	763529
1	763052
1	763045
1	763041
1	763036
1	763031
1	763027
1	763025
1	763024
1	763021
1	763020
1	763013
1	763011
1	763010
1	763007
1	763005
1	763003
1	763002
1	762998
1	762996
1	762994
1	762992
1	762991
1	762990
1	762989
1	762981
1	762979
1	762971
1	762969
1	762965
1	762865
1	762748
1	762634
1	762544
1	762399
1	762109
1	762091
1	761962
1	761735
1	761734
1	761733
1	761731
1	761728
1	761595
1	761416
1	761415
1	761193
1	761008
1	761005
1	761003
1	761001
1	760818
1	760814
1	760812
1	760624
1	760623
1	760255
1	760254
1	760253
1	760251
1	760249
1	759949
1	759943
1	759942
1	759796
1	759795
1	759794
1	759792
1	759791
1	759576
1	759563
1	759312
1	759311
1	759305
1	759077
1	759074
1	758793
1	758482
1	758481
1	758479
1	758370
1	758364
1	758357
1	758354
1	758199
1	758143
1	758141
1	757951
1	757947
1	757664
1	757443
1	757441
1	757206
1	757202
1	757201
1	757199
1	757198
1	756753
1	756752
1	756512
1	756510
1	756509
1	756508
1	756222
1	756221
1	756220
1	756219
1	756217
1	755905
1	755904
1	755899
1	755761
1	755624
1	755623
1	755446
1	755208
1	755082
1	754735
1	754573
1	754572
1	754428
1	754426
1	754421
1	754336
1	753531
1	753503
1	753418
1	753332
1	753237
1	753235
1	752916
1	752913
1	752838
1	752599
1	752361
1	752359
1	752291
1	751869
1	751840
1	751367
1	751366
1	751362
1	751147
1	751146
1	751141
1	751118
1	751116
1	751115
1	750772
1	750699
1	750647
1	750539
1	750495
1	750398
1	749541
1	749159
1	748325
1	748323
1	748319
1	748314
1	748313
1	748312
1	748310
1	748309
1	748298
1	748294
1	748293
1	748292
1	748287
1	747007
1	746686
1	746685
1	746683
1	746682
1	746681
1	746675
1	746177
1	746141
1	746140
1	746064
1	746063
1	746020
1	746019
1	745942
1	745844
1	745806
1	745802
1	745801
1	745800
1	745799
1	745798
1	745744
1	745695
1	745694
1	745612
1	745425
1	745423
1	745351
1	745097
1	745094
1	745092
1	745080
1	745057
1	744874
1	744707
1	744704
1	744700
1	744697
1	744417
1	744414
1	744413
1	744412
1	744411
1	744409
1	744342
1	744076
1	744074
1	744073
1	744072
1	744071
1	744069
1	744066
1	744062
1	743925
1	743924
1	743922
1	743918
1	743608
1	743602
1	743544
1	743543
1	743382
1	743377
1	743372
1	743162
1	743160
1	742831
1	742828
1	742003
1	741764
1	741763
1	741762
1	741408
1	741407
1	741277
1	741276
1	741063
1	741022
1	740716
1	740413
1	740411
1	740410
1	740082
1	740081
1	740079
1	740077
1	740069
1	740047
1	739648
1	739527
1	739348
1	739343
1	739331
1	739329
1	739322
1	739092
1	738850
1	738842
1	738510
1	738341
1	738178
1	738078
1	737644
1	737643
1	737447
1	737446
1	737352
1	737348
1	737346
1	737255
1	737144
1	736762
1	736761
1	736760
1	736758
1	736757
1	736752
1	736751
1	736750
1	736399
1	736396
1	736236
1	736097
1	735972
1	735883
1	735868
1	735866
1	735744
1	735581
1	735424
1	735422
1	735421
1	735235
1	735234
1	734994
1	734992
1	734990
1	734741
1	734738
1	734496
1	734493
1	734252
1	734224
1	734219
1	734212
1	734211
1	734206
1	734205
1	734200
1	734196
1	734194
1	734193
1	734178
1	733941
1	733940
1	733939
1	733938
1	733937
1	733936
1	733809
1	733586
1	733131
1	732959
1	732956
1	732955
1	732953
1	732702
1	732701
1	732699
1	732437
1	732435
1	732434
1	732433
1	732429
1	732134
1	732133
1	732131
1	732127
1	732124
1	731992
1	731820
1	731798
1	731797
1	731532
1	731529
1	731527
1	731526
1	731522
1	731173
1	731172
1	731165
1	731164
1	731161
1	730766
1	730765
1	730762
1	730761
1	730745
1	730464
1	730462
1	730365
1	730363
1	730362
1	730002
1	730001
1	730000
1	729997
1	729994
1	729474
1	729433
1	729325
1	729204
1	729203
1	729199
1	728993
1	728942
1	728941
1	728718
1	728240
1	727991
1	727989
1	727988
1	727986
1	727985
1	727983
1	727635
1	727634
1	727622
1	727202
1	727136
1	726864
1	726861
1	726645
1	726449
1	726448
1	726164
1	726125
1	726124
1	726123
1	726122
1	726121
1	726112
1	725715
1	725390
1	725388
1	725386
1	725182
1	725111
1	725103
1	725102
1	725097
1	725043
1	724849
1	724846
1	724572
1	724299
1	724227
1	724127
1	724035
1	724032
1	724030
1	724029
1	723670
1	723665
1	723664
1	723660
1	723659
1	723657
1	723655
1	723653
1	723236
1	723235
1	723233
1	723230
1	723034
1	723033
1	723031
1	723029
1	722850
1	722846
1	722845
1	722743
1	722731
1	722582
1	722581
1	722281
1	721960
1	721672
1	721667
1	721666
1	721662
1	721167
1	721007
1	720974
1	720335
1	720196
1	719584
1	719583
1	719417
1	719415
1	719414
1	719186
1	719185
1	718946
1	718944
1	718942
1	718941
1	718700
1	718699
1	718693
1	718691
1	718689
1	718684
1	718481
1	718477
1	718476
1	718470
1	718466
1	718463
1	718462
1	718095
1	718094
1	717931
1	717875
1	717871
1	717870
1	717869
1	717863
1	717746
1	717423
1	717104
1	716665
1	716315
1	716267
1	715941
1	715866
1	715842
1	715841
1	715792
1	715740
1	715402
1	715252
1	715178
1	715177
1	715172
1	714957
1	714487
1	714484
1	714322
1	714281
1	714280
1	713748
1	713746
1	713479
1	713186
1	713009
1	712990
1	712924
1	712741
1	712675
1	712674
1	712620
1	712618
1	712564
1	712562
1	712106
1	711946
1	711944
1	711943
1	711941
1	711626
1	711624
1	711295
1	711294
1	711293
1	711291
1	711288
1	711287
1	711283
1	710955
1	710951
1	710949
1	710946
1	710945
1	710943
1	710941
1	710940
1	710843
1	710842
1	710841
1	710840
1	710836
1	710832
1	710822
1	710815
1	710476
1	710469
1	710170
1	709809
1	709808
1	709806
1	709805
1	709804
1	709803
1	709659
1	709444
1	709443
1	709442
1	709352
1	709117
1	709116
1	709046
1	709044
1	708842
1	708837
1	708770
1	708570
1	708567
1	708536
1	708263
1	708258
1	708241
1	707920
1	707919
1	707916
1	707915
1	707914
1	707641
1	707637
1	707594
1	706911
1	706792
1	706384
1	706078
1	705967
1	705966
1	705930
1	705904
1	705897
1	705789
1	705787
1	705786
1	705785
1	705622
1	705620
1	705619
1	705536
1	705535
1	705533
1	704495
1	704493
1	704327
1	704325
1	704324
1	704323
1	704322
1	704318
1	704307
1	704306
1	704134
1	703885
1	703883
1	703881
1	703682
1	703457
1	703207
1	703206
1	703204
1	703202
1	702878
1	702803
1	702659
1	702413
1	702241
1	702240
1	702236
1	702132
1	701894
1	701893
1	701892
1	701379
1	700901
1	700898
1	700896
1	700658
1	700581
1	700577
1	700576
1	700347
1	699886
1	699840
1	699839
1	699838
1	699544
1	699542
1	699315
1	699108
1	699100
1	698936
1	698289
1	698285
1	698112
1	697563
1	697362
1	697356
1	697343
1	697103
1	697102
1	697101
1	697098
1	696764
1	696763
1	696759
1	696756
1	696393
1	696392
1	696391
1	695505
1	695504
1	695502
1	695501
1	695007
1	694853
1	694852
1	694695
1	694215
1	694214
1	694213
1	694211
1	694208
1	694206
1	693769
1	693767
1	693761
1	693759
1	693758
1	693757
1	693056
1	692763
1	692502
1	692369
1	691892
1	691891
1	691890
1	691889
1	691560
1	691241
1	691014
1	690896
1	690812
1	690742
1	690488
1	690487
1	690258
1	690251
1	689989
1	689988
1	689986
1	689727
1	689497
1	689496
1	689493
1	688910
1	688628
1	688161
1	688160
1	688159
1	688016
1	687635
1	687622
1	687621
1	687619
1	687577
1	687574
1	687313
1	686888
1	686727
1	686568
1	686567
1	686565
1	686562
1	686308
1	686307
1	686074
1	686073
1	686071
1	685974
1	685680
1	685679
1	685456
1	685454
1	685452
1	685451
1	685448
1	685247
1	685245
1	685243
1	685241
1	685239
1	685238
1	685046
1	685019
1	684793
1	684791
1	684789
1	684788
1	684787
1	684584
1	684545
1	684544
1	684541
1	684538
1	684534
1	684530
1	684282
1	684281
1	684279
1	683950
1	683945
1	683944
1	683937
1	683552
1	683516
1	683512
1	683510
1	683504
1	683501
1	683492
1	683178
1	683176
1	682846
1	682844
1	682835
1	682830
1	682802
1	682789
1	682473
1	682472
1	682078
1	681750
1	681716
1	681379
1	681375
1	681373
1	680962
1	680961
1	680960
1	680957
1	680955
1	680953
1	680952
1	680949
1	680635
1	680504
1	680501
1	680500
1	680197
1	680196
1	680195
1	680194
1	680193
1	680190
1	680174
1	680029
1	679906
1	679903
1	679901
1	679552
1	679551
1	679547
1	679545
1	679234
1	679000
1	678852
1	678851
1	678848
1	678505
1	678504
1	678503
1	678502
1	678054
1	678035
1	678033
1	678031
1	678012
1	678007
1	677838
1	677638
1	677633
1	677632
1	677625
1	676461
1	675798
1	675733
1	675732
1	675621
1	675352
1	675348
1	675345
1	673770
1	673769
1	673765
1	673623
1	673549
1	673544
1	673542
1	673541
1	673540
1	673539
1	673538
1	673537
1	673441
1	673440
1	673439
1	673437
1	673436
1	673434
1	673431
1	673419
1	673413
1	673401
1	673040
1	672917
1	672883
1	672425
1	672138
1	671840
1	671839
1	671542
1	671539
1	671092
1	671089
1	670852
1	670851
1	670735
1	669913
1	669860
1	669624
1	669457
1	669297
1	669224
1	669150
1	668184
1	668183
1	668181
1	667087
1	667086
1	667085
1	667059
1	667058
1	666479
1	666273
1	666071
1	665969
1	665967
1	665965
1	665964
1	665961
1	665612
1	664297
1	664296
1	664295
1	663668
1	663660
1	663377
1	663376
1	662691
1	662637
1	661709
1	661707
1	661699
1	661696
1	66123
1	660813
1	660810
1	660803
1	660800
1	660799
1	660798
1	660790
1	660025
1	660024
1	660019
1	660015
1	660014
1	660011
1	660005
1	660004
1	660003
1	660002
1	660000
1	659553
1	659056
1	659055
1	659054
1	659049
1	659048
1	659039
1	659037
1	659033
1	659032
1	659030
1	659025
1	659023
1	659022
1	659021
1	659018
1	658008
1	657730
1	657663
1	657662
1	657656
1	657654
1	657629
1	657627
1	657623
1	657620
1	657616
1	657615
1	657614
1	657610
1	657608
1	657605
1	657604
1	657603
1	657601
1	657600
1	657330
1	657327
1	657326
1	656071
1	655732
1	655395
1	655394
1	655393
1	655391
1	655390
1	655383
1	655382
1	655375
1	655370
1	655369
1	655363
1	655357
1	655354
1	655347
1	655345
1	655344
1	654221
1	654216
1	654213
1	654211
1	654207
1	654204
1	654199
1	654197
1	654193
1	654186
1	654185
1	654182
1	654179
1	654175
1	654174
1	654173
1	654165
1	654163
1	654162
1	654161
1	654104
1	654009
1	654007
1	654001
1	653990
1	653952
1	653951
1	653696
1	653649
1	652904
1	652545
1	652238
1	651366
1	651363
1	651360
1	651353
1	651352
1	650941
1	650321
1	650319
1	650318
1	650314
1	650313
1	650312
1	650306
1	650208
1	649480
1	649474
1	649312
1	649310
1	649309
1	649307
1	649305
1	649304
1	649302
1	649301
1	649288
1	649281
1	649276
1	649275
1	649269
1	649268
1	648501
1	648499
1	648495
1	648492
1	647255
1	647252
1	647248
1	647247
1	647244
1	647243
1	647242
1	647240
1	647239
1	647237
1	646582
1	645982
1	645935
1	645931
1	645915
1	645914
1	645912
1	645911
1	645909
1	645902
1	645810
1	645809
1	645033
1	644420
1	644419
1	643922
1	643920
1	643919
1	643916
1	643913
1	643911
1	643906
1	643905
1	643904
1	643901
1	643900
1	643899
1	643896
1	643893
1	643886
1	643875
1	643834
1	643828
1	643827
1	643305
1	642681
1	642679
1	642678
1	642667
1	642665
1	642389
1	642367
1	642363
1	641501
1	640837
1	640836
1	640832
1	640830
1	640829
1	640823
1	640822
1	640818
1	640814
1	640810
1	640804
1	640803
1	640797
1	640745
1	639053
1	639052
1	639051
1	639050
1	639043
1	639042
1	639037
1	639031
1	639025
1	639017
1	639016
1	639013
1	639009
1	638978
1	638977
1	638976
1	638808
1	638805
1	637416
1	637415
1	637413
1	637409
1	637407
1	637402
1	637401
1	637399
1	637396
1	637393
1	637385
1	637384
1	636662
1	636263
1	636260
1	636259
1	636257
1	636250
1	636249
1	635908
1	635460
1	635268
1	635265
1	635264
1	635258
1	635257
1	634855
1	634557
1	634551
1	634548
1	634547
1	634546
1	634537
1	634347
1	633865
1	633863
1	633862
1	633861
1	633859
1	633857
1	633854
1	633841
1	633838
1	633837
1	633836
1	633830
1	632567
1	632351
1	632347
1	632341
1	632257
1	631962
1	631584
1	630962
1	630958
1	630854
1	630325
1	630324
1	630323
1	630318
1	630308
1	629493
1	629487
1	629482
1	629479
1	628628
1	628623
1	628622
1	628618
1	628614
1	628611
1	628316
1	628257
1	627394
1	626254
1	626250
1	626245
1	626243
1	626241
1	625546
1	625538
1	625535
1	625531
1	625035
1	625032
1	625031
1	625028
1	625026
1	624475
1	624456
1	624452
1	623941
1	623940
1	623645
1	623641
1	623632
1	623629
1	623628
1	623181
1	622887
1	622884
1	622882
1	622880
1	622878
1	622748
1	622660
1	622505
1	622128
1	622126
1	622125
1	622123
1	622055
1	621935
1	621930
1	621461
1	621457
1	621455
1	621192
1	621191
1	621186
1	621178
1	620995
1	620925
1	620895
1	619912
1	619911
1	619787
1	619215
1	619141
1	619139
1	618937
1	618936
1	618935
1	618928
1	618924
1	618920
1	618919
1	618918
1	618917
1	618916
1	618910
1	618908
1	618906
1	618901
1	618900
1	618899
1	618892
1	618891
1	618313
1	617833
1	617745
1	617619
1	617515
1	616418
1	616155
1	616141
1	616127
1	615969
1	615921
1	615776
1	615772
1	615705
1	615627
1	615554
1	615552
1	615386
1	615383
1	615379
1	615342
1	615182
1	615109
1	615106
1	615059
1	615020
1	614958
1	614937
1	614913
1	614889
1	614884
1	614856
1	614650
1	614347
1	614221
1	614017
1	613983
1	613692
1	613685
1	613648
1	613613
1	613611
1	613609
1	613247
1	613245
1	613239
1	613189
1	613055
1	612999
1	612985
1	612981
1	612794
1	612785
1	612747
1	612705
1	612636
1	612396
1	612207
1	612099
1	612064
1	611986
1	611801
1	611675
1	611584
1	611549
1	611491
1	611472
1	611451
1	611432
1	611377
1	611326
1	610940
1	610685
1	610442
1	610065
1	609727
1	609586
1	609220
1	609197
1	609049
1	608647
1	608580
1	608544
1	608535
1	608522
1	608488
1	608272
1	608271
1	608267
1	608212
1	608190
1	608102
1	607724
1	607502
1	607492
1	607309
1	607211
1	607200
1	607149
1	607072
1	607058
1	607047
1	606975
1	606958
1	606833
1	606818
1	606803
1	606634
1	606529
1	606508
1	606052
1	606013
1	605989
1	605561
1	605260
1	605051
1	605047
1	605039
1	604576
1	604493
1	604489
1	604033
1	603834
1	603811
1	603793
1	603749
1	603373
1	603267
1	603194
1	603141
1	602995
1	602941
1	602267
1	601935
1	601728
1	601485
1	601424
1	601423
1	601419
1	601417
1	601415
1	601403
1	601033
1	600674
1	600670
1	600668
1	600030
1	599983
1	599975
1	599875
1	599874
1	599700
1	599614
1	599227
1	599219
1	599218
1	599215
1	599148
1	599140
1	599038
1	599008
1	598940
1	598848
1	598839
1	598650
1	598413
1	598412
1	598411
1	597945
1	597912
1	597814
1	597746
1	597717
1	597675
1	597551
1	597545
1	5973
1	597076
1	596957
1	596578
1	596340
1	596331
1	596196
1	596064
1	595890
1	595824
1	595643
1	595340
1	595322
1	595075
1	595048
1	594926
1	594922
1	594535
1	594307
1	594286
1	594052
1	593917
1	593878
1	593780
1	593737
1	593677
1	593289
1	593138
1	593136
1	592927
1	592489
1	592235
1	592043
1	591882
1	591862
1	591840
1	591730
1	591727
1	591723
1	591718
1	591542
1	591527
1	591121
1	590932
1	590889
1	590879
1	590609
1	590473
1	590470
1	590458
1	590404
1	589995
1	589991
1	589975
1	589974
1	589695
1	589152
1	589091
1	589086
1	588826
1	588182
1	588050
1	587601
1	587423
1	587360
1	587355
1	586944
1	586922
1	586904
1	586720
1	586572
1	586314
1	586310
1	586233
1	585913
1	585772
1	585771
1	585610
1	585099
1	585054
1	584580
1	584568
1	584520
1	584235
1	584173
1	583862
1	583812
1	583790
1	582747
1	582453
1	582352
1	582163
1	582005
1	582004
1	581985
1	581865
1	581608
1	581586
1	581462
1	581351
1	581271
1	581248
1	581003
1	580875
1	580764
1	580749
1	580742
1	580740
1	580737
1	580703
1	580332
1	580061
1	579863
1	579796
1	579520
1	579489
1	579400
1	579224
1	579100
1	579077
1	578775
1	578555
1	578547
1	578455
1	578345
1	578200
1	578180
1	578178
1	578173
1	578172
1	577985
1	577890
1	577835
1	577786
1	577735
1	577672
1	577609
1	577588
1	577508
1	577485
1	577481
1	577344
1	577336
1	577324
1	577189
1	577163
1	577066
1	576963
1	576948
1	576860
1	576724
1	576578
1	576549
1	576523
1	576512
1	576246
1	576239
1	576236
1	576160
1	575814
1	575634
1	575561
1	575491
1	575456
1	575429
1	575379
1	575369
1	575342
1	575337
1	575312
1	575256
1	575209
1	575201
1	575041
1	574540
1	574500
1	574320
1	574314
1	574203
1	574102
1	574065
1	574023
1	573962
1	573788
1	573777
1	573730
1	573660
1	573519
1	572642
1	572032
1	571756
1	571560
1	571389
1	571025
1	570799
1	570759
1	570694
1	570499
1	570308
1	570204
1	570075
1	570044
1	570031
1	569942
1	569907
1	569905
1	569711
1	569659
1	569604
1	569603
1	569568
1	569486
1	569429
1	569383
1	569369
1	569366
1	569151
1	569008
1	568787
1	568512
1	568303
1	568297
1	568264
1	568187
1	568186
1	568179
1	567998
1	567997
1	567996
1	567995
1	567994
1	567730
1	567727
1	567413
1	567373
1	567141
1	567066
1	566801
1	566761
1	566622
1	566560
1	566501
1	566189
1	566129
1	566109
1	566100
1	566081
1	566077
1	566007
1	565862
1	565755
1	565608
1	565591
1	565545
1	565360
1	565018
1	564926
1	564446
1	564328
1	564245
1	564167
1	563713
1	563690
1	563636
1	563634
1	563633
1	563629
1	563628
1	563598
1	563577
1	563452
1	563401
1	563364
1	563234
1	562586
1	562571
1	562570
1	562561
1	561918
1	561680
1	561427
1	561395
1	561042
1	561036
1	560980
1	560948
1	560899
1	560770
1	560686
1	560608
1	560556
1	560548
1	560408
1	559996
1	559721
1	559561
1	559555
1	559551
1	559521
1	559509
1	559406
1	559190
1	559173
1	559023
1	558894
1	558766
1	558764
1	558688
1	558676
1	558673
1	558671
1	558670
1	558628
1	558196
1	558045
1	558007
1	557996
1	557922
1	557313
1	557110
1	556932
1	556834
1	556391
1	556342
1	556243
1	556231
1	556193
1	556060
1	556
1	555917
1	555878
1	555859
1	555855
1	555828
1	555793
1	555654
1	555643
1	555642
1	555609
1	555561
1	555446
1	555424
1	555313
1	555311
1	555266
1	554729
1	554724
1	554703
1	554679
1	554465
1	554445
1	554377
1	554061
1	553883
1	553842
1	553814
1	553743
1	553245
1	552892
1	552838
1	552495
1	552480
1	551836
1	551732
1	551673
1	551625
1	551538
1	551537
1	551486
1	551276
1	551249
1	550933
1	550868
1	550854
1	550734
1	550566
1	550521
1	550407
1	550171
1	550028
1	549904
1	549833
1	549796
1	549728
1	549605
1	549204
1	549170
1	548907
1	548902
1	548578
1	548485
1	548480
1	548479
1	548441
1	548370
1	548248
1	547888
1	547874
1	547509
1	547494
1	547471
1	547442
1	547370
1	547294
1	547292
1	547119
1	547099
1	547027
1	546927
1	546898
1	546844
1	546815
1	546750
1	546738
1	546661
1	546654
1	546615
1	546614
1	546586
1	546573
1	546312
1	546300
1	546081
1	545992
1	545941
1	545879
1	545830
1	545810
1	545548
1	545543
1	545535
1	545487
1	545312
1	545286
1	545257
1	545237
1	545191
1	545175
1	545078
1	544894
1	544405
1	544318
1	544179
1	544110
1	544052
1	544046
1	544000
1	543938
1	543749
1	543678
1	543578
1	543170
1	543052
1	543050
1	543047
1	543037
1	542956
1	542925
1	542909
1	542778
1	542603
1	542556
1	542461
1	542434
1	542431
1	542391
1	542038
1	541866
1	541794
1	541507
1	541492
1	541420
1	541202
1	541198
1	540756
1	540505
1	540504
1	540475
1	540474
1	540470
1	540458
1	540441
1	540435
1	540330
1	540320
1	540315
1	540272
1	540271
1	540236
1	540225
1	540220
1	540088
1	539988
1	539937
1	539877
1	539827
1	539808
1	539497
1	539462
1	539345
1	539283
1	539277
1	539253
1	539238
1	539200
1	539199
1	539196
1	539014
1	538932
1	538596
1	538522
1	538505
1	538413
1	538346
1	538294
1	538289
1	538203
1	538188
1	538049
1	537822
1	537718
1	537713
1	537473
1	537347
1	537308
1	537173
1	537113
1	537109
1	537104
1	536906
1	536835
1	536671
1	536379
1	536273
1	536082
1	535673
1	535628
1	535620
1	535611
1	535609
1	535574
1	535412
1	535346
1	535105
1	534730
1	534715
1	534389
1	534225
1	534223
1	534075
1	533882
1	533839
1	533838
1	533678
1	533677
1	533628
1	533611
1	533563
1	533455
1	533188
1	533185
1	533013
1	532718
1	532673
1	532668
1	532666
1	532662
1	532401
1	532159
1	532006
1	531599
1	531258
1	531149
1	531147
1	531146
1	531145
1	530979
1	530675
1	530673
1	530515
1	530289
1	530287
1	530286
1	530285
1	530087
1	529920
1	529897
1	529666
1	529573
1	529499
1	529486
1	529483
1	529306
1	529304
1	529118
1	528877
1	528662
1	528659
1	528417
1	528415
1	528201
1	527988
1	527986
1	527985
1	527983
1	527795
1	527794
1	527792
1	527752
1	527585
1	527573
1	527374
1	527282
1	527281
1	526986
1	526479
1	526472
1	526403
1	526402
1	526221
1	526219
1	526117
1	525992
1	525975
1	525716
1	525581
1	525579
1	525533
1	525481
1	525294
1	525293
1	525063
1	525062
1	525061
1	525059
1	525055
1	524965
1	524895
1	524697
1	524213
1	524001
1	523632
1	523279
1	523095
1	522986
1	522695
1	522214
1	522121
1	521817
1	521798
1	521797
1	521795
1	521601
1	521598
1	521332
1	521117
1	521112
1	521111
1	520387
1	520386
1	520385
1	520129
1	519865
1	519864
1	519735
1	519510
1	519508
1	519507
1	519428
1	519420
1	519379
1	519143
1	518897
1	518895
1	518894
1	518856
1	518734
1	518613
1	518601
1	518286
1	518283
1	517915
1	517774
1	517773
1	517597
1	517352
1	517345
1	517313
1	517141
1	517140
1	517139
1	516951
1	516950
1	516570
1	516331
1	516116
1	516115
1	515989
1	515892
1	515853
1	515850
1	515849
1	515845
1	515827
1	515571
1	515313
1	515284
1	515283
1	515238
1	515070
1	514937
1	514418
1	514156
1	514093
1	514078
1	514076
1	514069
1	514067
1	514063
1	514059
1	513737
1	513733
1	513732
1	513593
1	513320
1	513203
1	512995
1	512992
1	512774
1	512500
1	511911
1	511768
1	511321
1	511317
1	511164
1	511161
1	511127
1	511126
1	510724
1	510565
1	510407
1	510187
1	510182
1	510179
1	510171
1	509980
1	509972
1	509787
1	509785
1	509784
1	509609
1	509431
1	509225
1	509194
1	508984
1	508935
1	508745
1	508743
1	508490
1	508488
1	508248
1	508233
1	508232
1	508099
1	507837
1	507766
1	507765
1	507764
1	507706
1	507546
1	507544
1	507431
1	507333
1	507332
1	507184
1	507016
1	506925
1	506635
1	506537
1	506535
1	506354
1	506353
1	506352
1	506317
1	506268
1	506265
1	506263
1	506105
1	506102
1	506101
1	505975
1	505859
1	505858
1	505710
1	505707
1	505705
1	505701
1	505564
1	505559
1	505555
1	505396
1	505328
1	505327
1	505288
1	505190
1	505023
1	505020
1	505019
1	505018
1	504937
1	504639
1	504507
1	504498
1	504484
1	504469
1	504468
1	504381
1	504306
1	504302
1	504301
1	504221
1	504220
1	504117
1	504086
1	503668
1	503633
1	503355
1	503354
1	503027
1	502870
1	502868
1	502742
1	502741
1	502740
1	502739
1	502614
1	502609
1	502445
1	502443
1	502442
1	502440
1	502299
1	502295
1	502294
1	502292
1	502290
1	502288
1	502141
1	501970
1	501967
1	501965
1	501963
1	501962
1	501961
1	501888
1	501812
1	501675
1	501522
1	501519
1	501412
1	501281
1	501194
1	500922
1	500920
1	500915
1	500914
1	500775
1	500760
1	500758
1	500757
1	500614
1	500542
1	500405
1	500402
1	500400
1	500399
1	500398
1	500397
1	500395
1	500392
1	500230
1	500227
1	500225
1	500222
1	500067
1	500065
1	500064
1	499936
1	499935
1	499932
1	499927
1	499731
1	499728
1	499547
1	499546
1	499298
1	499297
1	499295
1	499074
1	499070
1	499007
1	499006
1	498799
1	498695
1	498688
1	498566
1	498565
1	498557
1	498485
1	498392
1	498391
1	498253
1	498033
1	498032
1	497696
1	497454
1	497451
1	497448
1	497315
1	497311
1	497159
1	497158
1	497122
1	496980
1	496631
1	496248
1	496247
1	496245
1	496118
1	496116
1	496114
1	496042
1	495398
1	495397
1	495396
1	495383
1	495381
1	494692
1	494593
1	494590
1	494076
1	494065
1	493707
1	493535
1	493487
1	492420
1	492419
1	492265
1	492230
1	492062
1	492019
1	491948
1	491921
1	491906
1	491862
1	491546
1	491256
1	491035
1	490920
1	490855
1	490718
1	490678
1	490558
1	490557
1	490554
1	490429
1	490427
1	490376
1	489891
1	489885
1	489884
1	489881
1	489863
1	489862
1	489861
1	489832
1	489742
1	489495
1	489493
1	489416
1	489414
1	489291
1	489178
1	489062
1	488840
1	488688
1	488499
1	488498
1	488497
1	488316
1	488194
1	487833
1	487656
1	487440
1	486664
1	486660
1	486465
1	486180
1	486157
1	485914
1	485720
1	485719
1	485501
1	485241
1	484485
1	484454
1	484448
1	484309
1	484028
1	484027
1	484026
1	483618
1	483443
1	483442
1	483288
1	483259
1	483254
1	483017
1	483016
1	482865
1	482789
1	482697
1	482639
1	482635
1	482332
1	481910
1	481633
1	481614
1	481611
1	481610
1	481430
1	481429
1	481261
1	481204
1	481160
1	481158
1	481068
1	481065
1	480956
1	480915
1	480862
1	480853
1	480804
1	480802
1	480169
1	480168
1	480091
1	479980
1	479740
1	479483
1	479475
1	479281
1	479278
1	479277
1	479077
1	479076
1	479052
1	479018
1	479017
1	478964
1	478963
1	478821
1	478820
1	478795
1	478790
1	478193
1	478007
1	477975
1	477797
1	477795
1	477666
1	477651
1	477650
1	477649
1	477648
1	477356
1	477325
1	477323
1	476875
1	476844
1	476840
1	476837
1	476701
1	476700
1	476697
1	476511
1	476510
1	476375
1	476208
1	476158
1	476157
1	476069
1	476048
1	476046
1	476042
1	476040
1	475871
1	475864
1	475715
1	475503
1	475430
1	475309
1	474887
1	474885
1	474696
1	474686
1	474471
1	474394
1	474194
1	473813
1	473744
1	473743
1	473569
1	473566
1	473430
1	473429
1	473425
1	473212
1	473211
1	473209
1	473204
1	473201
1	473126
1	472986
1	472975
1	472906
1	472878
1	472688
1	472645
1	472644
1	472537
1	472533
1	472436
1	472401
1	472395
1	472187
1	472185
1	472183
1	472182
1	472181
1	471962
1	471795
1	471794
1	471785
1	471141
1	470996
1	470719
1	470716
1	470715
1	470577
1	470556
1	470500
1	470499
1	470373
1	470226
1	470225
1	470046
1	470045
1	469877
1	469874
1	469699
1	469464
1	469226
1	469209
1	469125
1	469123
1	468617
1	468607
1	468606
1	468458
1	468452
1	468279
1	467993
1	467918
1	467692
1	467680
1	467678
1	467667
1	467518
1	467297
1	467294
1	467237
1	467231
1	467195
1	467194
1	466713
1	466203
1	466202
1	466200
1	466191
1	466029
1	465666
1	465539
1	465264
1	465178
1	465176
1	464785
1	464750
1	464738
1	464737
1	464551
1	464391
1	464253
1	464112
1	464009
1	463776
1	463232
1	463118
1	463113
1	463112
1	463111
1	463108
1	462965
1	462689
1	462559
1	462555
1	462301
1	462270
1	462268
1	462267
1	462211
1	461893
1	461892
1	461729
1	461693
1	461495
1	461494
1	461454
1	461259
1	461252
1	461248
1	461243
1	461240
1	461238
1	461071
1	460870
1	460868
1	460739
1	460736
1	460342
1	460041
1	460039
1	459781
1	459592
1	459591
1	459584
1	459583
1	459582
1	459526
1	459509
1	459506
1	459490
1	459488
1	459486
1	459264
1	459259
1	459258
1	459047
1	459045
1	458891
1	458886
1	458282
1	458281
1	458075
1	458074
1	457917
1	457638
1	457254
1	457235
1	457233
1	457229
1	456944
1	456709
1	456535
1	456534
1	456530
1	456468
1	456466
1	456349
1	456342
1	456341
1	456339
1	456085
1	456084
1	456080
1	455871
1	455868
1	455866
1	455700
1	455634
1	455108
1	454939
1	454937
1	454864
1	454728
1	454589
1	454341
1	454245
1	454156
1	454153
1	454010
1	453888
1	453882
1	453881
1	453857
1	453809
1	453182
1	453170
1	453160
1	453009
1	452935
1	452931
1	452924
1	452687
1	452262
1	452261
1	452249
1	452143
1	452141
1	452136
1	451406
1	451370
1	451369
1	451206
1	451167
1	451066
1	451026
1	450956
1	450863
1	450300
1	450169
1	450168
1	450047
1	450042
1	450041
1	449757
1	449483
1	449482
1	449479
1	449478
1	449475
1	449472
1	449466
1	449465
1	449333
1	449221
1	449220
1	449219
1	449218
1	449117
1	449116
1	449001
1	449000
1	448922
1	448921
1	448919
1	448917
1	448916
1	448757
1	448745
1	448665
1	448604
1	448603
1	448528
1	448442
1	448441
1	448432
1	448410
1	448406
1	448290
1	448207
1	448183
1	448121
1	447975
1	447943
1	447825
1	447773
1	447713
1	447365
1	447364
1	447352
1	447346
1	447340
1	447338
1	447336
1	447025
1	447024
1	447023
1	447022
1	447021
1	446910
1	446828
1	446647
1	446646
1	446560
1	446553
1	446550
1	446539
1	446536
1	446444
1	446443
1	446266
1	446200
1	446170
1	446076
1	445877
1	445706
1	445540
1	445539
1	445424
1	445422
1	445323
1	445322
1	445234
1	445008
1	444975
1	444973
1	444972
1	444511
1	444509
1	444508
1	444476
1	444098
1	443634
1	443633
1	443632
1	443552
1	443551
1	443342
1	443046
1	443045
1	442986
1	442984
1	442925
1	442727
1	442268
1	442267
1	442238
1	442229
1	442226
1	442224
1	442223
1	442221
1	442220
1	441443
1	441321
1	441300
1	441299
1	441258
1	441195
1	440990
1	440936
1	440929
1	440928
1	440926
1	440757
1	440709
1	440675
1	440444
1	440361
1	440255
1	439996
1	439864
1	439658
1	439644
1	439643
1	439641
1	439532
1	439531
1	439530
1	439529
1	439340
1	439122
1	439120
1	439117
1	439097
1	438979
1	438977
1	438975
1	438973
1	438830
1	438693
1	438689
1	438546
1	438255
1	438112
1	438110
1	437806
1	437805
1	437803
1	437616
1	437606
1	437604
1	437601
1	437528
1	437455
1	437452
1	437451
1	437313
1	437311
1	437310
1	437154
1	437153
1	437152
1	436950
1	436949
1	436948
1	436947
1	436942
1	436708
1	436706
1	436704
1	436510
1	436505
1	436299
1	436298
1	436159
1	436118
1	435928
1	435926
1	435373
1	435103
1	435065
1	435064
1	434966
1	434675
1	434521
1	434388
1	434387
1	434380
1	434378
1	434374
1	434329
1	434328
1	434326
1	434070
1	434068
1	433803
1	433802
1	433801
1	433800
1	433796
1	433795
1	433630
1	433604
1	433601
1	433600
1	433599
1	433597
1	433593
1	433592
1	433588
1	433587
1	433444
1	433413
1	433334
1	432918
1	432850
1	432779
1	432776
1	432775
1	432382
1	432318
1	432149
1	432148
1	431758
1	431754
1	431721
1	431609
1	431539
1	431532
1	431530
1	431319
1	430949
1	430873
1	430712
1	430202
1	430016
1	430014
1	429990
1	429958
1	429640
1	429638
1	429637
1	429487
1	429484
1	429450
1	429320
1	429097
1	429096
1	429095
1	429094
1	428971
1	428757
1	428756
1	428390
1	428389
1	428340
1	428118
1	427953
1	427952
1	427947
1	427759
1	427468
1	427146
1	426987
1	426629
1	426498
1	426008
1	426001
1	425998
1	425994
1	425799
1	425738
1	425676
1	425599
1	425598
1	425595
1	425593
1	425513
1	425507
1	425394
1	425393
1	425228
1	425193
1	425124
1	425009
1	425008
1	425007
1	425006
1	424891
1	424706
1	424685
1	424671
1	424669
1	424667
1	424576
1	424575
1	424573
1	424482
1	424481
1	424480
1	424479
1	424374
1	424151
1	424032
1	424027
1	424025
1	424009
1	423888
1	423886
1	423884
1	423883
1	423838
1	423770
1	423766
1	423765
1	423763
1	423623
1	423611
1	423352
1	423219
1	423014
1	422910
1	422909
1	422903
1	422901
1	422900
1	422895
1	422652
1	422590
1	422414
1	422412
1	421799
1	421798
1	421658
1	421656
1	421655
1	421653
1	421648
1	421498
1	421497
1	421496
1	421350
1	421197
1	421103
1	421095
1	421070
1	420918
1	420754
1	420519
1	420369
1	420365
1	420180
1	420178
1	420083
1	419843
1	419842
1	419841
1	419836
1	419835
1	419834
1	419671
1	419670
1	419666
1	419329
1	419327
1	419326
1	419138
1	419137
1	418944
1	418941
1	418704
1	418692
1	418587
1	418519
1	418513
1	418467
1	418289
1	418284
1	418283
1	418153
1	418152
1	418052
1	418046
1	418045
1	417892
1	417880
1	417879
1	417863
1	417640
1	417497
1	417496
1	417462
1	417457
1	417456
1	417455
1	417452
1	417271
1	417270
1	417162
1	417015
1	416961
1	416946
1	416849
1	416704
1	416702
1	416701
1	416561
1	416432
1	416414
1	416314
1	416290
1	416155
1	416154
1	416153
1	416151
1	416135
1	416134
1	416009
1	415893
1	415892
1	415821
1	415740
1	415413
1	415395
1	415373
1	415276
1	415205
1	415004
1	414849
1	414672
1	414617
1	414191
1	414019
1	413760
1	413757
1	413748
1	413746
1	413739
1	413567
1	413550
1	413549
1	413543
1	413541
1	413539
1	413351
1	413350
1	413347
1	413291
1	413287
1	413285
1	413159
1	413071
1	413069
1	412976
1	412905
1	412902
1	412901
1	412899
1	412898
1	412789
1	412788
1	412781
1	412779
1	412778
1	412676
1	412669
1	412550
1	412441
1	412357
1	412351
1	412329
1	412317
1	412315
1	412223
1	412189
1	411958
1	411956
1	411952
1	411853
1	411852
1	411823
1	411710
1	411574
1	411434
1	411433
1	411415
1	411313
1	411259
1	411142
1	410982
1	410980
1	410847
1	410846
1	410645
1	410643
1	410417
1	410415
1	410412
1	410334
1	410212
1	410211
1	410209
1	409792
1	409701
1	409693
1	409630
1	409629
1	409560
1	409557
1	409552
1	409357
1	409190
1	409075
1	409065
1	409063
1	409062
1	409058
1	408992
1	408892
1	408240
1	407938
1	407937
1	407936
1	407933
1	407929
1	407928
1	407925
1	407799
1	407796
1	407795
1	407790
1	407787
1	407786
1	407595
1	407592
1	407488
1	407480
1	407479
1	407474
1	407473
1	407471
1	407470
1	407469
1	407467
1	407411
1	407394
1	407386
1	407381
1	407373
1	407372
1	407316
1	407314
1	407257
1	407247
1	407125
1	406938
1	406936
1	406935
1	406927
1	406759
1	406756
1	406745
1	406742
1	406741
1	406528
1	406527
1	406526
1	406525
1	406275
1	406150
1	406146
1	406145
1	406141
1	406094
1	405892
1	405891
1	405732
1	405731
1	405604
1	405262
1	404920
1	404907
1	404845
1	404557
1	404440
1	404439
1	404436
1	404325
1	404308
1	404201
1	404146
1	404024
1	403944
1	403943
1	403789
1	403778
1	403647
1	403548
1	403491
1	403333
1	403332
1	403331
1	403330
1	403328
1	403327
1	403326
1	403325
1	403324
1	403323
1	403319
1	403318
1	403317
1	403315
1	403050
1	402862
1	402777
1	402749
1	402748
1	402747
1	402612
1	402446
1	402445
1	402299
1	402286
1	402157
1	402100
1	401904
1	401824
1	401710
1	401706
1	401577
1	401544
1	401475
1	401464
1	401459
1	401454
1	401447
1	401436
1	401433
1	401430
1	401380
1	401203
1	401202
1	400992
1	400870
1	400694
1	400693
1	400691
1	400574
1	400571
1	400446
1	400338
1	400336
1	400331
1	400330
1	400329
1	400182
1	399932
1	399683
1	399643
1	399571
1	399528
1	399511
1	399510
1	399403
1	399309
1	399308
1	399301
1	399166
1	399024
1	398900
1	398858
1	398856
1	398851
1	398712
1	398711
1	398678
1	398677
1	398676
1	398674
1	398663
1	398613
1	398609
1	398436
1	398435
1	398391
1	398390
1	398382
1	398381
1	398106
1	398105
1	398014
1	397889
1	397694
1	397690
1	397573
1	397456
1	397451
1	397109
1	397088
1	397087
1	396912
1	396766
1	396750
1	396711
1	396709
1	396649
1	396648
1	396646
1	396548
1	396517
1	396425
1	396358
1	396353
1	396228
1	396160
1	396158
1	396152
1	396150
1	396147
1	395929
1	395928
1	395918
1	395803
1	395743
1	395512
1	395393
1	395391
1	395299
1	395290
1	395288
1	395263
1	395257
1	395254
1	395253
1	395252
1	395251
1	395250
1	395249
1	394983
1	394982
1	394929
1	394509
1	394466
1	394325
1	394223
1	394218
1	394215
1	394126
1	394125
1	393982
1	393978
1	393976
1	393815
1	393703
1	393702
1	393695
1	393694
1	393580
1	393330
1	393099
1	393097
1	393096
1	393051
1	393049
1	392781
1	392780
1	392740
1	392721
1	392720
1	392719
1	392576
1	392573
1	392568
1	392566
1	392565
1	392445
1	392413
1	392410
1	392359
1	392130
1	392034
1	392033
1	392031
1	392029
1	391879
1	391666
1	391503
1	391434
1	391289
1	391285
1	391095
1	390975
1	390953
1	390888
1	390878
1	390872
1	390870
1	390641
1	390602
1	390600
1	390598
1	390595
1	390594
1	390568
1	390399
1	390283
1	390186
1	389965
1	389919
1	389917
1	389682
1	389548
1	389539
1	389447
1	389344
1	389091
1	388915
1	388627
1	388624
1	388623
1	388622
1	388349
1	388064
1	388063
1	388002
1	387995
1	387994
1	387957
1	387956
1	387951
1	387829
1	387769
1	387638
1	386845
1	386644
1	386453
1	386310
1	386309
1	386220
1	386219
1	386218
1	386217
1	386083
1	386081
1	386006
1	385838
1	385837
1	385803
1	385682
1	385380
1	385353
1	385259
1	385185
1	385077
1	385036
1	384832
1	384830
1	384722
1	384443
1	384392
1	384391
1	384388
1	384350
1	384327
1	384263
1	384234
1	384208
1	384127
1	384066
1	383951
1	383926
1	383875
1	383833
1	383739
1	383738
1	383627
1	383622
1	383620
1	383606
1	383576
1	383480
1	383476
1	383203
1	382944
1	382911
1	382908
1	382840
1	382728
1	382727
1	382631
1	382628
1	382627
1	382626
1	382496
1	382495
1	382488
1	382383
1	382340
1	382339
1	382214
1	382212
1	382189
1	382188
1	382187
1	382186
1	382185
1	382068
1	382045
1	382044
1	382043
1	382042
1	381859
1	381858
1	381811
1	381609
1	381607
1	381604
1	381601
1	381376
1	381374
1	381370
1	381368
1	381203
1	381195
1	381194
1	380990
1	380937
1	380834
1	380702
1	380700
1	380699
1	380698
1	380694
1	380496
1	380495
1	380494
1	380491
1	380483
1	380429
1	380428
1	380288
1	380283
1	380259
1	380250
1	380249
1	380198
1	380053
1	379884
1	379821
1	379744
1	379724
1	379707
1	379531
1	379527
1	379298
1	379297
1	379292
1	379289
1	379094
1	379093
1	378819
1	378665
1	378663
1	378656
1	378654
1	378575
1	378477
1	378475
1	378463
1	378321
1	378320
1	378262
1	378260
1	378254
1	378246
1	378243
1	378240
1	378055
1	378051
1	378049
1	378045
1	378044
1	378043
1	377868
1	377864
1	377863
1	377860
1	377858
1	377856
1	377855
1	377854
1	377851
1	377849
1	377842
1	377841
1	377838
1	377837
1	377574
1	377571
1	377531
1	377530
1	377529
1	377522
1	377510
1	377315
1	377038
1	377005
1	377003
1	376901
1	376897
1	376743
1	376632
1	376460
1	376413
1	376408
1	376231
1	376230
1	376013
1	375869
1	375563
1	375555
1	375398
1	375191
1	375156
1	375042
1	374906
1	374679
1	374589
1	374588
1	374515
1	374415
1	374411
1	374347
1	374341
1	373998
1	373776
1	373770
1	373677
1	373537
1	373436
1	373307
1	373306
1	373261
1	373178
1	373177
1	373172
1	373046
1	372852
1	372850
1	372849
1	372846
1	372845
1	372784
1	372744
1	372569
1	372567
1	372493
1	372490
1	372468
1	372294
1	372278
1	372275
1	372274
1	372219
1	372192
1	372017
1	372015
1	371826
1	371791
1	371790
1	371623
1	371557
1	371554
1	371553
1	371552
1	371462
1	371460
1	371458
1	371457
1	371209
1	371207
1	371204
1	371198
1	371075
1	370824
1	370423
1	370149
1	370147
1	370146
1	370034
1	370033
1	370030
1	369852
1	369851
1	369536
1	369089
1	369048
1	368992
1	368991
1	368749
1	368683
1	368608
1	368607
1	368439
1	368369
1	368367
1	368366
1	368152
1	368138
1	368137
1	368127
1	368056
1	368017
1	367698
1	367560
1	367557
1	367556
1	367539
1	367409
1	367353
1	367319
1	367311
1	367307
1	367306
1	367066
1	366982
1	366951
1	366840
1	366838
1	366698
1	366503
1	366501
1	366311
1	365613
1	365344
1	365218
1	365217
1	365216
1	365067
1	365030
1	365028
1	365021
1	364960
1	364958
1	364957
1	364907
1	364906
1	364865
1	364861
1	364791
1	364749
1	364745
1	364693
1	364581
1	364545
1	364544
1	364470
1	364240
1	364172
1	364171
1	364170
1	364152
1	363835
1	363831
1	363757
1	363756
1	363630
1	363478
1	363414
1	363333
1	363313
1	363200
1	363197
1	363187
1	363185
1	363184
1	363034
1	362986
1	362849
1	362846
1	362841
1	362838
1	362709
1	362707
1	362706
1	362704
1	362546
1	362465
1	362146
1	362013
1	362010
1	362008
1	361665
1	361644
1	361643
1	361640
1	361638
1	361446
1	361272
1	361265
1	361222
1	361221
1	361089
1	360906
1	360596
1	360594
1	360590
1	360550
1	360521
1	360500
1	360499
1	360373
1	360350
1	360347
1	360342
1	360150
1	359920
1	359910
1	359734
1	359726
1	359573
1	359571
1	359435
1	359357
1	359249
1	359203
1	359160
1	359150
1	359147
1	359146
1	359012
1	358846
1	358843
1	358842
1	358810
1	358809
1	358710
1	358687
1	358684
1	358349
1	358248
1	358142
1	358141
1	357621
1	357582
1	357480
1	357428
1	357383
1	357382
1	357162
1	357154
1	357057
1	357048
1	357047
1	357045
1	356840
1	356839
1	356837
1	356836
1	356631
1	356618
1	356617
1	356615
1	356509
1	356425
1	356413
1	356145
1	355851
1	355848
1	355846
1	355632
1	355549
1	355429
1	355427
1	355425
1	355387
1	355351
1	355230
1	355079
1	354943
1	354942
1	354801
1	354783
1	354710
1	354709
1	354708
1	354568
1	354311
1	354164
1	354076
1	353954
1	353878
1	353792
1	353789
1	353760
1	353759
1	353642
1	353535
1	353024
1	352882
1	352879
1	352671
1	352502
1	352500
1	352360
1	352290
1	352289
1	352047
1	352046
1	351889
1	351886
1	351421
1	350630
1	350564
1	350406
1	350340
1	350329
1	349986
1	349747
1	349575
1	349574
1	349553
1	349491
1	349490
1	349489
1	349488
1	349349
1	349348
1	349316
1	349102
1	348911
1	348754
1	348452
1	348239
1	348225
1	348183
1	348182
1	348181
1	348107
1	348106
1	348105
1	348104
1	348015
1	348014
1	348011
1	348009
1	347874
1	347872
1	347864
1	347717
1	347706
1	347684
1	347672
1	347671
1	347526
1	347377
1	347371
1	347369
1	347260
1	347255
1	347250
1	347192
1	347190
1	347189
1	347184
1	346953
1	346761
1	346759
1	346750
1	346630
1	346625
1	346514
1	346426
1	346361
1	346195
1	346192
1	346191
1	346189
1	346188
1	346187
1	346036
1	345623
1	345422
1	345413
1	345412
1	345350
1	345268
1	345266
1	345264
1	345261
1	345176
1	345172
1	345171
1	345166
1	345159
1	345145
1	345141
1	345138
1	345106
1	345081
1	345080
1	345079
1	345077
1	345076
1	345074
1	345061
1	344596
1	344540
1	344511
1	344268
1	344267
1	344255
1	344085
1	344076
1	343952
1	343948
1	343934
1	343521
1	343518
1	343510
1	343505
1	343502
1	343328
1	343252
1	343202
1	343123
1	343121
1	343118
1	343113
1	343112
1	342871
1	342814
1	342810
1	342808
1	342805
1	342800
1	342787
1	342758
1	342757
1	342677
1	342423
1	342382
1	342267
1	342266
1	342265
1	342262
1	342261
1	342258
1	342257
1	342256
1	341983
1	341900
1	341634
1	341265
1	341178
1	341159
1	341117
1	341116
1	341052
1	341051
1	340965
1	340834
1	340646
1	340607
1	340606
1	340605
1	340603
1	340602
1	340601
1	340593
1	340592
1	340591
1	340587
1	340447
1	340251
1	340250
1	340123
1	340104
1	340088
1	340087
1	339954
1	339922
1	339811
1	339676
1	339630
1	339608
1	339607
1	339536
1	339452
1	339431
1	339050
1	338918
1	338915
1	338914
1	338800
1	338778
1	338736
1	338531
1	338340
1	338322
1	338300
1	338298
1	338296
1	338064
1	338024
1	337858
1	337772
1	337761
1	337759
1	337728
1	337727
1	337724
1	337453
1	337389
1	337386
1	337384
1	337379
1	337377
1	337376
1	337375
1	336838
1	336834
1	336832
1	336830
1	336829
1	336826
1	336721
1	336611
1	336523
1	336333
1	336320
1	336319
1	335964
1	335908
1	335785
1	335778
1	335723
1	335720
1	335712
1	335631
1	335508
1	335402
1	335398
1	335397
1	335391
1	335389
1	335387
1	335386
1	335127
1	335115
1	334975
1	334932
1	334931
1	334930
1	334808
1	334804
1	334722
1	334720
1	334718
1	334715
1	334714
1	334713
1	334710
1	334708
1	334707
1	334706
1	334704
1	334702
1	334699
1	334697
1	334694
1	334690
1	334687
1	334682
1	334680
1	334676
1	334672
1	334668
1	334667
1	334666
1	334611
1	334560
1	334558
1	334557
1	334533
1	334454
1	334420
1	334417
1	334416
1	334280
1	334264
1	334262
1	334255
1	334212
1	334175
1	334172
1	334069
1	333951
1	333893
1	333891
1	333805
1	333581
1	333444
1	333441
1	332839
1	332830
1	332827
1	332826
1	332823
1	332581
1	332579
1	332578
1	332381
1	332379
1	332377
1	332179
1	332046
1	331936
1	331766
1	331752
1	331749
1	331747
1	331631
1	331626
1	331613
1	331468
1	331464
1	331098
1	331000
1	330963
1	330954
1	330953
1	330949
1	330945
1	330944
1	330512
1	330351
1	330345
1	330342
1	330341
1	330065
1	329973
1	329844
1	329771
1	329767
1	329365
1	329342
1	329302
1	329266
1	329264
1	329263
1	329261
1	329260
1	329259
1	329026
1	328976
1	328973
1	328794
1	328793
1	328673
1	328672
1	328671
1	328640
1	328604
1	328388
1	328278
1	328277
1	328093
1	328088
1	327828
1	327824
1	327734
1	327637
1	327438
1	327237
1	327233
1	327231
1	327164
1	327162
1	326892
1	326890
1	326674
1	326585
1	326212
1	326209
1	326205
1	325994
1	325754
1	325670
1	325669
1	325607
1	325490
1	325422
1	325243
1	324979
1	324974
1	324723
1	324722
1	324676
1	324556
1	324215
1	324154
1	324152
1	324122
1	324120
1	324016
1	323984
1	323982
1	323825
1	323775
1	323774
1	323592
1	323564
1	323465
1	323335
1	323198
1	323087
1	323086
1	323053
1	322868
1	322759
1	322634
1	322601
1	322504
1	322396
1	322390
1	322389
1	322265
1	322264
1	322262
1	322252
1	321986
1	321776
1	321668
1	321666
1	321614
1	321078
1	321070
1	321000
1	320999
1	320920
1	320759
1	320753
1	320655
1	320426
1	320170
1	320168
1	320166
1	320066
1	319992
1	319991
1	319990
1	319989
1	319921
1	319825
1	319802
1	319739
1	319726
1	319722
1	319719
1	319639
1	319574
1	319573
1	319505
1	319504
1	319402
1	319336
1	319335
1	319250
1	319022
1	318814
1	318665
1	318555
1	318475
1	318246
1	318188
1	318186
1	318104
1	318103
1	318037
1	317892
1	317841
1	317840
1	317773
1	317691
1	317689
1	317688
1	317687
1	317570
1	317558
1	317461
1	317346
1	317345
1	317246
1	317202
1	317056
1	317045
1	317041
1	317037
1	317000
1	316926
1	316925
1	316922
1	316919
1	316917
1	316830
1	316732
1	316724
1	316723
1	316718
1	316716
1	316715
1	316659
1	316627
1	316624
1	316543
1	316524
1	316437
1	316316
1	316314
1	316313
1	316310
1	316105
1	316103
1	316102
1	316001
1	316000
1	315997
1	315990
1	315852
1	315851
1	315752
1	315491
1	315438
1	315382
1	315240
1	315231
1	315230
1	314601
1	314501
1	314436
1	314432
1	314431
1	314370
1	314195
1	314182
1	314105
1	314073
1	314072
1	313856
1	313826
1	313824
1	313747
1	313722
1	313604
1	313567
1	313564
1	313560
1	313555
1	313219
1	313090
1	313078
1	313038
1	312898
1	312700
1	312529
1	312376
1	312191
1	312190
1	312189
1	312187
1	311823
1	311633
1	311628
1	311574
1	311462
1	311382
1	311379
1	311378
1	311377
1	311229
1	311223
1	311222
1	311048
1	311046
1	311033
1	310900
1	310899
1	310767
1	310722
1	310440
1	310367
1	310186
1	310172
1	309963
1	309962
1	309764
1	309763
1	309612
1	309462
1	309461
1	309323
1	309192
1	309185
1	309048
1	309044
1	308584
1	308449
1	308447
1	308344
1	308342
1	308227
1	308171
1	308169
1	308168
1	308092
1	308090
1	308010
1	307891
1	307699
1	307547
1	307500
1	307492
1	307359
1	307271
1	307199
1	307197
1	307081
1	307067
1	307061
1	307055
1	307053
1	307052
1	307000
1	306864
1	306861
1	306859
1	306815
1	306814
1	306798
1	306529
1	306528
1	306527
1	306381
1	306182
1	306181
1	306179
1	306177
1	306176
1	306115
1	306037
1	306031
1	306030
1	305910
1	305905
1	305904
1	305902
1	305881
1	305831
1	305797
1	305715
1	305563
1	305559
1	305377
1	305280
1	305237
1	305183
1	305116
1	304969
1	304966
1	304824
1	304682
1	304508
1	304500
1	304498
1	304497
1	304235
1	304065
1	303867
1	303772
1	303770
1	303661
1	303656
1	303347
1	303344
1	303343
1	303342
1	303136
1	303133
1	303132
1	302960
1	302670
1	302646
1	302592
1	302473
1	302472
1	302350
1	302200
1	301912
1	301905
1	301903
1	301731
1	301729
1	301597
1	301389
1	301386
1	301242
1	301111
1	301106
1	301104
1	301061
1	300962
1	300809
1	300808
1	300769
1	300725
1	300656
1	300650
1	300649
1	300105
1	300104
1	299846
1	299620
1	299577
1	299575
1	299574
1	299433
1	299432
1	299365
1	299357
1	299344
1	299342
1	299341
1	299339
1	299336
1	299285
1	299034
1	299015
1	299006
1	298939
1	298767
1	298766
1	298550
1	298367
1	298358
1	298133
1	298131
1	297974
1	297964
1	297870
1	297662
1	297508
1	297089
1	296836
1	296779
1	296778
1	296777
1	296776
1	296734
1	296633
1	296594
1	296592
1	296590
1	296527
1	296523
1	296522
1	296521
1	296458
1	296352
1	296299
1	296298
1	296169
1	296168
1	295961
1	295843
1	295705
1	295379
1	294960
1	294831
1	294381
1	294249
1	294174
1	294000
1	293840
1	293802
1	293643
1	293460
1	293389
1	293388
1	293310
1	293213
1	293210
1	293103
1	293012
1	293010
1	292898
1	292897
1	292895
1	292894
1	292893
1	292892
1	292795
1	292726
1	292725
1	292716
1	292550
1	292549
1	292454
1	292444
1	292439
1	292315
1	292171
1	292161
1	292159
1	292158
1	291970
1	291969
1	291966
1	291963
1	291714
1	291703
1	291669
1	291521
1	291520
1	291518
1	291208
1	291207
1	291206
1	291041
1	290994
1	290992
1	290990
1	290870
1	290869
1	290867
1	290865
1	290862
1	290855
1	290852
1	290851
1	290732
1	290635
1	290605
1	290522
1	290519
1	290517
1	290423
1	290411
1	290409
1	290407
1	290406
1	290404
1	290403
1	290401
1	290399
1	290305
1	290302
1	290299
1	290298
1	290297
1	290295
1	290294
1	290293
1	290291
1	290201
1	290200
1	289941
1	289799
1	289687
1	289661
1	289548
1	289547
1	289545
1	289544
1	289543
1	289542
1	289512
1	289422
1	289415
1	289414
1	289413
1	289412
1	289370
1	289257
1	289256
1	289151
1	288920
1	288891
1	288842
1	288499
1	288496
1	288494
1	288493
1	288492
1	288490
1	288045
1	288044
1	288037
1	287900
1	287804
1	287629
1	287623
1	287586
1	287558
1	287542
1	287319
1	287317
1	287316
1	287312
1	287310
1	287304
1	287303
1	287298
1	287295
1	287288
1	287287
1	287286
1	287220
1	286937
1	286930
1	286929
1	286581
1	286535
1	286345
1	286195
1	285684
1	285512
1	285508
1	285507
1	285226
1	285222
1	285199
1	284997
1	284834
1	284810
1	284809
1	284806
1	284411
1	284408
1	284404
1	284085
1	284079
1	284076
1	283763
1	283762
1	283758
1	283757
1	283302
1	283276
1	283272
1	283267
1	283181
1	283050
1	282839
1	282827
1	282478
1	282267
1	282266
1	282059
1	281953
1	281874
1	281873
1	281691
1	281551
1	281550
1	281462
1	281341
1	281094
1	281093
1	280386
1	280383
1	280209
1	280208
1	280205
1	280203
1	280119
1	280000
1	279980
1	279822
1	279821
1	279766
1	279632
1	279629
1	279628
1	279472
1	279469
1	279468
1	279229
1	279225
1	279224
1	279011
1	279008
1	278837
1	278773
1	278769
1	278768
1	278766
1	278765
1	278445
1	278430
1	278012
1	277966
1	277965
1	277963
1	277962
1	277959
1	277734
1	277700
1	277680
1	277677
1	277674
1	277597
1	277390
1	277386
1	277384
1	277383
1	277379
1	277086
1	277083
1	277075
1	276722
1	276720
1	276718
1	276714
1	276710
1	276506
1	276282
1	276273
1	276270
1	276227
1	275784
1	275783
1	275780
1	275777
1	275775
1	275771
1	275769
1	275767
1	275766
1	275672
1	275484
1	275421
1	275419
1	275324
1	275318
1	275106
1	274988
1	274531
1	274218
1	274216
1	274196
1	274192
1	274191
1	274190
1	274188
1	274184
1	273741
1	273728
1	273281
1	273158
1	272728
1	272645
1	272491
1	272489
1	272427
1	272421
1	272418
1	272417
1	272415
1	271861
1	271856
1	271850
1	271849
1	271846
1	271843
1	271757
1	271446
1	271303
1	271302
1	271298
1	271295
1	271288
1	271273
1	271271
1	271269
1	271268
1	271267
1	270924
1	270616
1	270350
1	270349
1	270348
1	270346
1	270345
1	270342
1	270289
1	270265
1	270174
1	270123
1	270037
1	269836
1	269835
1	269832
1	269826
1	269679
1	269434
1	269294
1	269283
1	269282
1	269281
1	269279
1	269274
1	268543
1	268541
1	268531
1	268476
1	267953
1	267951
1	267896
1	267895
1	267893
1	267892
1	267424
1	267394
1	267306
1	267296
1	267291
1	267286
1	267116
1	267114
1	267112
1	266700
1	266605
1	266365
1	266313
1	266309
1	266300
1	266299
1	266296
1	265427
1	265423
1	265421
1	265420
1	265416
1	265369
1	265024
1	264982
1	264981
1	264975
1	264974
1	264747
1	264669
1	264667
1	264666
1	264663
1	264404
1	264163
1	264113
1	264032
1	263734
1	263592
1	263574
1	263451
1	263449
1	263448
1	263446
1	263442
1	263438
1	263437
1	263436
1	263168
1	263165
1	262853
1	262849
1	262843
1	262842
1	262597
1	262562
1	262548
1	262542
1	262541
1	262538
1	262228
1	262222
1	262221
1	262187
1	261944
1	261940
1	261939
1	261722
1	261651
1	261649
1	261648
1	261337
1	261335
1	261334
1	261332
1	261293
1	261049
1	261048
1	261046
1	260795
1	260733
1	260727
1	260725
1	260324
1	260005
1	260000
1	259998
1	259700
1	259683
1	259579
1	259578
1	259575
1	259196
1	259191
1	259049
1	258812
1	258810
1	258806
1	258488
1	258485
1	258152
1	258144
1	257858
1	257857
1	257619
1	257525
1	257060
1	256884
1	256482
1	256481
1	256296
1	256099
1	255930
1	255753
1	255601
1	255473
1	255326
1	255079
1	255078
1	254733
1	254732
1	254578
1	254552
1	254436
1	254434
1	254433
1	254239
1	254238
1	254237
1	254235
1	254232
1	253962
1	253750
1	253720
1	253716
1	253711
1	253248
1	253043
1	253042
1	253041
1	253039
1	252789
1	252786
1	252750
1	252527
1	252525
1	252524
1	252520
1	252519
1	252518
1	252514
1	252471
1	251967
1	251961
1	251628
1	251626
1	251286
1	251285
1	251280
1	251279
1	251020
1	250982
1	250981
1	250978
1	250976
1	250975
1	250973
1	250972
1	250672
1	250537
1	250536
1	250535
1	250476
1	250387
1	250132
1	248891
1	248889
1	248480
1	248479
1	248226
1	248129
1	248120
1	248118
1	248117
1	248114
1	247707
1	247387
1	247295
1	247294
1	247291
1	247289
1	247287
1	246935
1	246933
1	246932
1	246373
1	246128
1	246049
1	245782
1	245696
1	245372
1	245371
1	245370
1	245297
1	245039
1	245038
1	245035
1	244958
1	244759
1	244757
1	244754
1	244753
1	244749
1	244564
1	244464
1	244269
1	244220
1	244218
1	244030
1	243853
1	243852
1	243851
1	243850
1	243602
1	243600
1	243599
1	242969
1	242967
1	242576
1	242033
1	242031
1	241982
1	241775
1	241531
1	241435
1	241005
1	240767
1	240760
1	240758
1	240530
1	240496
1	240495
1	240494
1	240007
1	240006
1	240004
1	240003
1	239746
1	239744
1	239742
1	239741
1	239738
1	239414
1	239413
1	239409
1	239136
1	239131
1	239129
1	239125
1	238985
1	238904
1	238758
1	238747
1	238388
1	238382
1	238379
1	238378
1	238376
1	238063
1	238061
1	238058
1	237697
1	237694
1	237692
1	237691
1	237333
1	237330
1	237324
1	237323
1	237106
1	236905
1	236901
1	236899
1	236600
1	236581
1	236510
1	236509
1	236503
1	236502
1	236499
1	236139
1	236117
1	236116
1	236109
1	236108
1	235949
1	235618
1	235617
1	235609
1	235604
1	235480
1	235208
1	235133
1	235130
1	235129
1	235126
1	235122
1	235117
1	235115
1	235114
1	234640
1	234264
1	234263
1	234261
1	234257
1	234254
1	234251
1	233846
1	233826
1	233821
1	233820
1	233819
1	233817
1	233437
1	233368
1	233363
1	233360
1	233359
1	232882
1	232881
1	232873
1	232872
1	232803
1	232799
1	232788
1	232442
1	232436
1	232402
1	232401
1	232400
1	232396
1	232001
1	231990
1	231936
1	231935
1	231930
1	231928
1	231927
1	231926
1	231923
1	231434
1	231433
1	231430
1	231231
1	231196
1	231091
1	230641
1	230526
1	230158
1	229811
1	229774
1	229766
1	229382
1	229259
1	229080
1	229059
1	229058
1	228830
1	228624
1	228619
1	228617
1	228434
1	228406
1	228404
1	228263
1	227947
1	227319
1	227318
1	227317
1	227141
1	227139
1	227136
1	227135
1	226810
1	226808
1	226526
1	226525
1	226310
1	226129
1	225915
1	225910
1	225905
1	225724
1	225453
1	225452
1	225225
1	225223
1	225222
1	225002
1	224978
1	224977
1	224914
1	224761
1	224687
1	224391
1	224376
1	224371
1	224366
1	224069
1	224061
1	224059
1	224058
1	223843
1	223772
1	223771
1	223762
1	223760
1	223730
1	223695
1	223463
1	223461
1	223168
1	223167
1	222840
1	222620
1	222619
1	222617
1	222616
1	222615
1	222264
1	222263
1	222260
1	222253
1	221935
1	221927
1	221923
1	221922
1	221919
1	221916
1	221915
1	221692
1	221367
1	221365
1	221362
1	221358
1	221357
1	221128
1	221125
1	220891
1	220889
1	220887
1	220886
1	220839
1	220667
1	220666
1	220580
1	220579
1	220308
1	220061
1	220060
1	219940
1	219880
1	219875
1	219874
1	219873
1	219838
1	219836
1	219749
1	219596
1	219595
1	219512
1	219511
1	219510
1	219404
1	219403
1	219227
1	219226
1	219220
1	219081
1	219080
1	219012
1	218788
1	218786
1	218784
1	218665
1	218662
1	218661
1	218603
1	218592
1	218533
1	218387
1	218385
1	218347
1	218269
1	218134
1	218042
1	218041
1	218039
1	218035
1	218033
1	218028
1	218022
1	217852
1	217841
1	217840
1	217625
1	217560
1	217558
1	217556
1	217296
1	217295
1	217173
1	216751
1	216660
1	216498
1	216494
1	216423
1	216422
1	216297
1	216294
1	216293
1	216292
1	216210
1	216038
1	216031
1	216030
1	216029
1	216026
1	216025
1	216019
1	216018
1	216017
1	215999
1	215998
1	215898
1	215840
1	215782
1	215774
1	215735
1	215726
1	215669
1	215634
1	215539
1	215110
1	215070
1	215069
1	215033
1	215032
1	215031
1	214955
1	214894
1	214845
1	214844
1	214842
1	214840
1	214708
1	214706
1	214680
1	214507
1	214506
1	214503
1	214435
1	214354
1	214339
1	214262
1	214257
1	214215
1	214189
1	214168
1	213905
1	213823
1	213805
1	213621
1	213620
1	213615
1	213614
1	213613
1	213573
1	213515
1	213438
1	213436
1	213434
1	213425
1	213405
1	213401
1	213397
1	213395
1	213393
1	213272
1	213271
1	213270
1	213269
1	213268
1	213266
1	213264
1	213259
1	213192
1	213190
1	213176
1	213172
1	213171
1	213170
1	213166
1	213071
1	212944
1	212941
1	212940
1	212936
1	212832
1	212831
1	212830
1	212714
1	212707
1	212654
1	212630
1	212627
1	212486
1	212481
1	212478
1	212477
1	212401
1	212390
1	212383
1	212271
1	212270
1	212269
1	212170
1	212155
1	212154
1	212053
1	211930
1	211906
1	211905
1	211792
1	211791
1	211784
1	211682
1	211672
1	211671
1	211546
1	211540
1	211395
1	211393
1	211392
1	211387
1	211384
1	211269
1	211267
1	211265
1	211206
1	211161
1	211160
1	211010
1	211006
1	211005
1	211003
1	210844
1	210843
1	210840
1	210831
1	210705
1	210700
1	210594
1	210578
1	210575
1	210574
1	210572
1	210464
1	210401
1	210333
1	210290
1	210157
1	210138
1	210043
1	210042
1	210041
1	210040
1	210036
1	209813
1	209812
1	209811
1	209806
1	209774
1	209659
1	209656
1	209655
1	209653
1	209512
1	209511
1	209510
1	209509
1	209508
1	209507
1	209504
1	209501
1	209497
1	209383
1	209379
1	209377
1	209376
1	209207
1	208767
1	208539
1	208261
1	208169
1	208167
1	207945
1	207857
1	207856
1	207763
1	207677
1	207676
1	207591
1	207519
1	207518
1	207450
1	207392
1	207308
1	207278
1	207259
1	207193
1	207187
1	207186
1	207083
1	206829
1	206750
1	206716
1	206589
1	206475
1	206474
1	206467
1	206431
1	206221
1	206095
1	206015
1	205949
1	205915
1	205914
1	205836
1	205834
1	205830
1	205793
1	205690
1	205654
1	205589
1	205588
1	205586
1	205585
1	205417
1	205415
1	205352
1	205209
1	205150
1	205079
1	205078
1	205077
1	205007
1	204950
1	204948
1	204946
1	204735
1	204650
1	204648
1	204569
1	204567
1	204484
1	204396
1	204390
1	204389
1	204388
1	204282
1	204279
1	204275
1	204104
1	204102
1	204032
1	203994
1	203992
1	203988
1	203914
1	203909
1	203905
1	203781
1	203777
1	203776
1	203758
1	203708
1	203661
1	203658
1	203529
1	203528
1	203527
1	203502
1	203495
1	203385
1	203287
1	203286
1	203285
1	203185
1	203183
1	203113
1	202945
1	202942
1	202940
1	202938
1	202937
1	202935
1	202858
1	202839
1	202838
1	202834
1	202832
1	202828
1	202744
1	202636
1	202535
1	202534
1	202351
1	202309
1	202304
1	202217
1	202109
1	202108
1	202068
1	201967
1	201695
1	201610
1	201608
1	201605
1	201522
1	201422
1	201236
1	201164
1	201163
1	201014
1	200876
1	200749
1	200676
1	200674
1	200451
1	200408
1	200101
1	200075
1	200016
1	199995
1	199994
1	199990
1	199808
1	199768
1	199712
1	199710
1	199582
1	199551
1	199520
1	199434
1	199431
1	199430
1	199341
1	199310
1	199307
1	199233
1	199105
1	198868
1	198867
1	198789
1	198788
1	198339
1	198281
1	198222
1	198176
1	198175
1	198174
1	198157
1	197997
1	197996
1	197994
1	197993
1	197922
1	197857
1	197856
1	197831
1	197693
1	197485
1	197406
1	197404
1	197402
1	197362
1	197348
1	197347
1	197261
1	197255
1	197254
1	197139
1	197126
1	196997
1	196993
1	196992
1	196856
1	196854
1	196804
1	196754
1	196740
1	196737
1	196634
1	196631
1	196543
1	196542
1	196420
1	196214
1	196069
1	196067
1	195939
1	195930
1	195848
1	195765
1	195732
1	195729
1	195619
1	195615
1	195506
1	195394
1	195290
1	195079
1	195009
1	194938
1	194924
1	194923
1	194685
1	194684
1	194683
1	194682
1	194679
1	194406
1	194402
1	194308
1	194288
1	194183
1	194137
1	194109
1	193964
1	193868
1	193730
1	193713
1	193511
1	193198
1	193041
1	193040
1	193039
1	192905
1	192802
1	192801
1	192744
1	192743
1	192684
1	192683
1	192586
1	192534
1	192351
1	192295
1	192241
1	192187
1	192186
1	192136
1	192090
1	192085
1	192029
1	191467
1	190908
1	190614
1	190557
1	190294
1	190291
1	190187
1	190167
1	190093
1	190032
1	189928
1	189872
1	189862
1	189861
1	189773
1	189699
1	189695
1	189587
1	189546
1	189544
1	189451
1	189450
1	189448
1	189442
1	189439
1	189373
1	189371
1	189370
1	189315
1	189299
1	189298
1	189262
1	189214
1	189213
1	189047
1	189045
1	188896
1	188895
1	188810
1	188809
1	188508
1	188467
1	188401
1	188396
1	188230
1	188227
1	188222
1	188153
1	188140
1	188139
1	188137
1	188136
1	188133
1	188132
1	188041
1	188026
1	188025
1	188023
1	187963
1	187952
1	187830
1	187573
1	187451
1	187449
1	187447
1	187442
1	187297
1	187296
1	187292
1	187291
1	187129
1	187127
1	187019
1	186996
1	186848
1	186716
1	186715
1	186712
1	186711
1	186709
1	186509
1	186483
1	186480
1	186358
1	186357
1	186246
1	186103
1	186013
1	186012
1	186011
1	185894
1	185891
1	185767
1	185636
1	185394
1	185393
1	185269
1	185203
1	185197
1	185142
1	185068
1	185067
1	185033
1	185031
1	185030
1	185028
1	184906
1	184904
1	184903
1	184734
1	184732
1	184368
1	184237
1	184137
1	183890
1	183784
1	183756
1	183753
1	183666
1	183501
1	183499
1	183395
1	183394
1	183309
1	183308
1	183009
1	183008
1	183007
1	182961
1	182742
1	182630
1	182587
1	182410
1	182291
1	182284
1	182283
1	182255
1	182254
1	182186
1	181984
1	181823
1	181789
1	181787
1	181745
1	181676
1	181492
1	181447
1	181315
1	181221
1	181189
1	181182
1	181181
1	180819
1	180818
1	180650
1	180649
1	180648
1	180647
1	180646
1	180642
1	180641
1	180464
1	180463
1	180461
1	180378
1	180377
1	180285
1	180080
1	180079
1	180077
1	179988
1	179969
1	179735
1	179734
1	179627
1	179621
1	179619
1	179541
1	179507
1	179505
1	179502
1	179500
1	179397
1	179394
1	179393
1	179389
1	179306
1	179304
1	179295
1	179279
1	179180
1	179109
1	179104
1	178914
1	178825
1	178801
1	178794
1	178661
1	178564
1	178562
1	178561
1	178560
1	178467
1	178348
1	178342
1	178231
1	178120
1	178119
1	177987
1	177985
1	177984
1	177982
1	177876
1	177875
1	177716
1	177715
1	177713
1	177674
1	177585
1	177581
1	177372
1	177370
1	177369
1	177367
1	177363
1	177360
1	177357
1	177195
1	177190
1	177189
1	177187
1	177186
1	177074
1	177073
1	177071
1	177069
1	177065
1	176927
1	176798
1	176796
1	176795
1	176794
1	176738
1	176665
1	176663
1	176661
1	176545
1	176543
1	176415
1	176273
1	176272
1	176166
1	176075
1	175978
1	175972
1	175624
1	175622
1	175620
1	175613
1	175609
1	175435
1	175434
1	175372
1	175224
1	174995
1	174574
1	174573
1	174486
1	174445
1	174436
1	174435
1	174285
1	174047
1	173811
1	173613
1	173540
1	173409
1	173407
1	173201
1	172995
1	172682
1	172637
1	172471
1	172332
1	172290
1	172287
1	172278
1	172055
1	172024
1	172020
1	171861
1	171858
1	171690
1	171689
1	171686
1	171683
1	171679
1	171678
1	171677
1	171676
1	171593
1	171545
1	171516
1	171513
1	171512
1	171511
1	171510
1	171509
1	171408
1	171305
1	171304
1	171233
1	170746
1	170674
1	170672
1	170670
1	170289
1	170175
1	169929
1	169927
1	169916
1	169915
1	169914
1	169911
1	169910
1	169908
1	169336
1	169335
1	169330
1	169327
1	169071
1	168818
1	168645
1	168237
1	168236
1	168234
1	168097
1	168096
1	168094
1	168093
1	168092
1	168044
1	167971
1	167827
1	167204
1	167075
1	166983
1	166981
1	166873
1	166868
1	166830
1	166817
1	165912
1	165056
1	165051
1	165050
1	165049
1	165015
1	165013
1	164835
1	164834
1	164816
1	164687
1	164665
1	164469
1	164425
1	164010
1	164008
1	164007
1	164002
1	163985
1	163981
1	163673
1	163646
1	163511
1	163498
1	163493
1	163492
1	163487
1	163478
1	163465
1	163421
1	163388
1	163386
1	163384
1	163378
1	163365
1	163350
1	163343
1	163342
1	163337
1	163335
1	163334
1	163333
1	163331
1	163329
1	163327
1	163322
1	162269
1	162055
1	162040
1	161111
1	160942
1	160444
1	160442
1	160437
1	160436
1	160435
1	160433
1	160220
1	160142
1	160034
1	159971
1	159872
1	159807
1	159794
1	159790
1	159740
1	159723
1	159709
1	159698
1	159692
1	159691
1	159679
1	159657
1	159590
1	159586
1	159545
1	159532
1	159530
1	159462
1	159302
1	159246
1	159228
1	159217
1	159059
1	159055
1	158846
1	158815
1	158745
1	158714
1	158709
1	158706
1	158704
1	158699
1	158696
1	158695
1	158694
1	158693
1	158644
1	158642
1	158639
1	158635
1	158633
1	158632
1	158630
1	158600
1	158599
1	158539
1	158522
1	158436
1	158169
1	158160
1	158159
1	158156
1	158154
1	158140
1	158134
1	158133
1	158131
1	158129
1	158121
1	158098
1	158093
1	158023
1	157975
1	157965
1	157857
1	157852
1	157570
1	157552
1	157547
1	157545
1	157244
1	157242
1	157241
1	157237
1	157234
1	157232
1	157229
1	157131
1	157052
1	156965
1	156964
1	156910
1	156771
1	156669
1	156668
1	156666
1	156665
1	156543
1	156338
1	156336
1	156334
1	156206
1	156112
1	156088
1	156050
1	155975
1	155969
1	155967
1	155966
1	155965
1	155958
1	155884
1	155544
1	155150
1	155148
1	155147
1	155146
1	155145
1	155144
1	154758
1	154756
1	154751
1	154749
1	154748
1	154747
1	154299
1	154298
1	154296
1	154293
1	154290
1	153957
1	153911
1	153907
1	153550
1	153484
1	153482
1	153481
1	153478
1	153239
1	153020
1	153017
1	153014
1	152807
1	152721
1	152562
1	152284
1	152097
1	152083
1	152082
1	151882
1	151710
1	151666
1	151665
1	151661
1	151338
1	151319
1	151257
1	151254
1	151253
1	151252
1	151251
1	150829
1	150825
1	150663
1	150409
1	150406
1	150405
1	150404
1	150336
1	150104
1	150102
1	150101
1	149923
1	149894
1	149838
1	149778
1	149543
1	149542
1	149541
1	149538
1	149537
1	149122
1	148695
1	148694
1	148690
1	148689
1	148339
1	148335
1	148104
1	147883
1	147882
1	147881
1	147877
1	147377
1	147374
1	147372
1	146265
1	145742
1	145568
1	145262
1	144809
1	144808
1	144634
1	144630
1	144629
1	144555
1	144323
1	144322
1	144321
1	144315
1	144313
1	144310
1	144137
1	144124
1	143988
1	143984
1	143983
1	143820
1	143805
1	143777
1	143776
1	143775
1	143602
1	143426
1	143413
1	143232
1	143227
1	143226
1	143224
1	143121
1	142977
1	142975
1	142737
1	142405
1	142228
1	142187
1	142069
1	142011
1	142007
1	141650
1	141649
1	141646
1	141341
1	140947
1	140908
1	140907
1	140905
1	140904
1	140900
1	140691
1	140520
1	140062
1	140061
1	140056
1	139911
1	139616
1	139615
1	139611
1	139610
1	139548
1	139343
1	139049
1	138989
1	138987
1	138982
1	138978
1	138440
1	138439
1	138437
1	138432
1	138174
1	138003
1	137979
1	137972
1	137971
1	137536
1	137519
1	137421
1	137419
1	137418
1	137417
1	137414
1	137410
1	137409
1	137402
1	137398
1	136896
1	136895
1	136894
1	136893
1	136889
1	136888
1	136886
1	136789
1	136740
1	136689
1	136424
1	136421
1	136335
1	136180
1	135906
1	135902
1	135901
1	135898
1	135842
1	135464
1	135449
1	135448
1	135447
1	135446
1	135442
1	135440
1	134906
1	134905
1	134901
1	134900
1	134898
1	134895
1	134891
1	134769
1	134439
1	134422
1	134419
1	134257
1	134224
1	13410
1	133994
1	133664
1	133355
1	133081
1	133080
1	132772
1	132771
1	131869
1	131475
1	131474
1	130532
1	130306
1	130091
1	130032
1	130024
1	130021
1	130020
1	130014
1	130011
1	130009
1	129824
1	129821
1	129819
1	129817
1	129812
1	129810
1	129643
1	129590
1	128970
1	128955
1	128730
1	128534
1	128360
1	128151
1	127777
1	127642
1	127438
1	127246
1	127244
1	127010
1	126988
1	126831
1	126829
1	126565
1	126441
1	126384
1	126383
1	126380
1	126378
1	126151
1	126145
1	125925
1	125869
1	125670
1	125660
1	125643
1	125399
1	125220
1	125204
1	125018
1	124972
1	124712
1	124337
1	124260
1	124018
1	123837
1	123590
1	123555
1	123544
1	123459
1	123095
1	122976
1	122822
1	122733
1	122504
1	122500
1	121674
1	121305
1	121191
1	120857
1	120341
1	120339
1	120288
1	120272
1	120048
1	119995
1	119723
1	119644
1	119529
1	119464
1	119307
1	119237
1	119137
1	119098
1	119076
1	119074
1	119073
1	118847
1	118846
1	118750
1	118735
1	118734
1	118732
1	118507
1	118449
1	118381
1	118380
1	118124
1	118005
1	117992
1	117975
1	117974
1	117932
1	117926
1	117852
1	117669
1	117524
1	117427
1	117315
1	117215
1	117210
1	117200
1	116923
1	116884
1	116883
1	116806
1	116680
1	116647
1	116574
1	116476
1	116464
1	116462
1	116460
1	116458
1	116457
1	116453
1	116452
1	116449
1	116385
