qty id_tweet
--- --------
6	199686
6	127178
5	167356
5	159034
4	647618
4	442795
4	181629
3	391228
3	377403
3	354352
3	328920
3	309023
3	219482
3	146160
3	146154
2	786837
2	714854
2	703826
2	703559
2	560484
2	457175
2	453167
2	444187
2	425616
2	416675
2	409804
2	385774
2	379533
2	347349
2	343710
2	324114
2	318974
2	295979
2	278566
2	277890
2	231099
2	219990
2	218249
2	217420
2	210304
2	206718
2	206029
2	200693
2	196977
2	174534
2	170232
2	169505
2	169215
2	159049
2	140831
2	132745
2	131812
2	121657
1	822175
1	816564
1	813609
1	812631
1	810548
1	809836
1	809827
1	808544
1	807454
1	807448
1	804490
1	804130
1	803924
1	803599
1	801882
1	799757
1	799328
1	795679
1	793658
1	793628
1	788234
1	786526
1	786355
1	784055
1	774357
1	768038
1	764171
1	758980
1	755154
1	751416
1	750751
1	748032
1	744264
1	739512
1	738486
1	731044
1	731034
1	731027
1	729323
1	728756
1	725998
1	722961
1	719649
1	716980
1	716460
1	713058
1	711148
1	708897
1	708125
1	707232
1	703562
1	703030
1	702844
1	702706
1	701312
1	689506
1	686831
1	684463
1	677447
1	677426
1	672256
1	672056
1	671072
1	669573
1	665394
1	664966
1	663017
1	662545
1	660319
1	656321
1	653637
1	649955
1	647785
1	643169
1	641742
1	640552
1	640263
1	632145
1	622709
1	609715
1	583595
1	579240
1	565617
1	552376
1	547068
1	541736
1	533814
1	530534
1	530477
1	524874
1	523623
1	523078
1	521005
1	520075
1	509282
1	508917
1	506435
1	505522
1	504622
1	504530
1	504352
1	502527
1	499175
1	493954
1	492053
1	490013
1	470942
1	469984
1	467065
1	466652
1	466284
1	460488
1	456016
1	454872
1	451910
1	451686
1	451081
1	450515
1	449426
1	446710
1	442762
1	441965
1	441233
1	439489
1	435665
1	435339
1	434048
1	433359
1	432201
1	431267
1	431099
1	430350
1	429967
1	429208
1	427866
1	418457
1	416115
1	416102
1	416100
1	415784
1	412878
1	411404
1	406221
1	406049
1	403849
1	402936
1	399601
1	398717
1	396111
1	395483
1	393758
1	386989
1	386066
1	385656
1	385343
1	384606
1	383094
1	381675
1	378928
1	375666
1	375298
1	374607
1	372212
1	370189
1	369794
1	366800
1	366431
1	366357
1	366246
1	365324
1	364413
1	359367
1	354939
1	354047
1	353325
1	351660
1	350871
1	350703
1	348860
1	346572
1	345411
1	343897
1	343869
1	343704
1	342936
1	342674
1	340991
1	340697
1	340075
1	340068
1	338749
1	338617
1	338503
1	337994
1	333326
1	332763
1	330258
1	329201
1	329014
1	327072
1	325958
1	325657
1	325140
1	324993
1	324645
1	323902
1	323489
1	320149
1	319229
1	318784
1	318592
1	317232
1	316182
1	314770
1	312567
1	312489
1	311617
1	309727
1	308221
1	306907
1	306775
1	306316
1	305548
1	305262
1	304952
1	301359
1	299565
1	298990
1	297517
1	297205
1	295897
1	294519
1	294417
1	294223
1	293451
1	289520
1	287425
1	283696
1	283189
1	282900
1	282218
1	281457
1	281456
1	280580
1	278569
1	275640
1	274087
1	273605
1	272840
1	272837
1	272292
1	271115
1	270214
1	266953
1	266372
1	266000
1	264525
1	264061
1	260853
1	258584
1	256948
1	256352
1	250909
1	250095
1	249673
1	242739
1	241389
1	235331
1	233995
1	233092
1	230818
1	230449
1	229195
1	228934
1	228484
1	228177
1	228163
1	226929
1	226485
1	220647
1	220505
1	219794
1	219784
1	218495
1	218360
1	218243
1	216640
1	216552
1	216204
1	215826
1	215477
1	215435
1	214982
1	214557
1	213573
1	211646
1	210546
1	207924
1	207416
1	207355
1	206450
1	206135
1	205517
1	205062
1	202516
1	200262
1	199862
1	199688
1	199508
1	198558
1	198490
1	198223
1	198051
1	197814
1	197813
1	197667
1	197574
1	197175
1	196678
1	195347
1	192933
1	192914
1	192399
1	192068
1	192053
1	191266
1	190972
1	190810
1	190284
1	186837
1	186446
1	185739
1	185613
1	184204
1	184031
1	184025
1	183298
1	183283
1	183047
1	183036
1	182720
1	181641
1	181241
1	181097
1	179016
1	178205
1	178096
1	174678
1	173105
1	172830
1	172684
1	172598
1	171829
1	171656
1	171430
1	171130
1	170236
1	170233
1	169754
1	169712
1	167990
1	167984
1	167353
1	165806
1	164954
1	164814
1	164628
1	164344
1	158474
1	158445
1	156613
1	155499
1	153824
1	153814
1	152461
1	151169
1	150754
1	150734
1	147809
1	146867
1	146700
1	145709
1	145527
1	145230
1	143189
1	141440
1	139220
1	137086
1	135116
1	133897
1	133894
1	132993
1	131040
1	130480
1	130241
1	129777
1	127919
1	127217
1	124473
1	123026
1	122230
1	122107
1	120853
1	120538
1	119703
1	119701
1	119535
1	119353
