qty id_tweet
--- --------
3	148940
2	782425
2	720669
2	689283
2	455234
2	392186
2	294584
2	290877
2	246914
2	239716
2	219994
2	199303
2	178372
1	813770
1	808918
1	805292
1	797829
1	795544
1	791279
1	790549
1	789120
1	786293
1	785721
1	782238
1	781311
1	774579
1	774578
1	772933
1	772064
1	769050
1	769049
1	768622
1	766842
1	764285
1	763380
1	760601
1	757394
1	754236
1	751705
1	751554
1	748175
1	748105
1	744978
1	742203
1	739590
1	730298
1	724667
1	723429
1	721995
1	718645
1	713452
1	713000
1	707598
1	706370
1	704470
1	704286
1	702390
1	699000
1	696687
1	696668
1	696296
1	694566
1	693174
1	688301
1	687978
1	682768
1	682766
1	673178
1	664119
1	656528
1	655021
1	653556
1	652615
1	651034
1	650729
1	648800
1	647847
1	646855
1	638278
1	634997
1	632472
1	630201
1	630197
1	627687
1	620978
1	618758
1	614552
1	613877
1	609150
1	606773
1	603392
1	601781
1	599971
1	599311
1	595289
1	582543
1	571031
1	569238
1	554182
1	553753
1	549318
1	547085
1	541736
1	539218
1	534841
1	530507
1	523376
1	521834
1	516922
1	513314
1	511311
1	510149
1	507647
1	506954
1	503184
1	496836
1	491759
1	491475
1	490187
1	488069
1	480687
1	479471
1	475361
1	470209
1	467836
1	467275
1	465169
1	457710
1	455471
1	454972
1	448848
1	442716
1	440248
1	434205
1	433792
1	430584
1	426983
1	425653
1	425385
1	420020
1	415239
1	407923
1	401730
1	401627
1	400419
1	398117
1	391088
1	390209
1	386807
1	384044
1	383311
1	378967
1	377156
1	371777
1	370022
1	365820
1	360747
1	360365
1	356154
1	356149
1	354787
1	352554
1	351438
1	349208
1	343010
1	337370
1	334149
1	333309
1	331194
1	330451
1	327214
1	325713
1	325343
1	323952
1	317776
1	317775
1	312904
1	311387
1	310449
1	306379
1	305186
1	303775
1	303684
1	301743
1	300491
1	297784
1	291981
1	291003
1	288411
1	284748
1	284572
1	284032
1	281853
1	280604
1	280602
1	280596
1	278980
1	273375
1	273093
1	270271
1	268768
1	267227
1	264924
1	262519
1	259945
1	255048
1	255043
1	254411
1	252477
1	250101
1	249839
1	248861
1	247271
1	246098
1	238143
1	236441
1	234217
1	228583
1	227715
1	227305
1	226901
1	225861
1	225434
1	224958
1	224943
1	224025
1	218271
1	209239
1	207059
1	206969
1	206013
1	205202
1	203180
1	199785
1	198731
1	198576
1	198220
1	198061
1	195002
1	193298
1	190982
1	190819
1	189043
1	189039
1	188804
1	184089
1	182078
1	181680
1	175609
1	174620
1	171068
1	168398
1	167119
1	158262
1	151418
1	147474
1	147243
1	146799
1	144561
1	144388
1	144245
1	143078
1	139533
1	133051
1	133042
1	131435
1	131084
1	130744
1	129989
1	128705
1	128333
1	126928
1	126355
1	125769
1	123202
1	119345
1	119222
