qty id_tweet
--- --------
3	216975
2	774567
2	661413
2	434913
2	390757
2	390561
2	302038
2	250671
2	192649
2	176402
2	166039
2	142826
1	822833
1	818977
1	816621
1	814569
1	807114
1	805158
1	803447
1	800901
1	796317
1	792316
1	792308
1	784265
1	778689
1	777502
1	777210
1	777198
1	774818
1	766827
1	765687
1	764986
1	764686
1	760393
1	759010
1	757904
1	754231
1	753214
1	745880
1	739552
1	739018
1	734395
1	732669
1	727917
1	727065
1	726051
1	717356
1	717303
1	714856
1	714349
1	713428
1	713275
1	713095
1	708505
1	702675
1	701053
1	699634
1	698762
1	696947
1	695089
1	691422
1	687446
1	681358
1	681240
1	680412
1	680113
1	680076
1	677418
1	673010
1	672994
1	672667
1	670326
1	668081
1	667461
1	667404
1	666884
1	666471
1	665962
1	665558
1	665018
1	664871
1	664323
1	663347
1	662737
1	662493
1	654840
1	654767
1	652433
1	640064
1	640035
1	639965
1	638753
1	631652
1	631384
1	630155
1	625600
1	624776
1	624328
1	623265
1	619143
1	615568
1	614796
1	614755
1	614475
1	614087
1	612886
1	612817
1	612335
1	611375
1	610531
1	609245
1	609139
1	608412
1	608252
1	607241
1	605895
1	604707
1	602085
1	602026
1	601490
1	599570
1	598027
1	595590
1	594241
1	592913
1	592813
1	592270
1	589028
1	588047
1	587196
1	585417
1	584487
1	583475
1	583129
1	582964
1	582879
1	582059
1	580600
1	579541
1	573010
1	572071
1	571922
1	571447
1	571344
1	571245
1	568774
1	567801
1	567743
1	566953
1	565524
1	564920
1	564398
1	563421
1	563285
1	561991
1	561330
1	560571
1	559958
1	557837
1	557635
1	556513
1	554560
1	554496
1	554336
1	551866
1	551808
1	550485
1	550053
1	549663
1	548730
1	548703
1	547052
1	546187
1	546185
1	546107
1	545696
1	544823
1	543695
1	543154
1	542585
1	542522
1	541811
1	541167
1	541001
1	540182
1	540168
1	539407
1	538195
1	538069
1	534749
1	533766
1	533127
1	529414
1	528782
1	526763
1	524114
1	522068
1	515528
1	514728
1	514245
1	513061
1	511476
1	506897
1	500660
1	500020
1	498528
1	491320
1	487398
1	486917
1	485564
1	481753
1	479836
1	479730
1	479546
1	476670
1	473725
1	471872
1	467364
1	465471
1	460619
1	460028
1	459898
1	459691
1	457627
1	457588
1	454891
1	454779
1	449299
1	446720
1	446027
1	440842
1	440682
1	440261
1	438987
1	438364
1	437109
1	436880
1	432744
1	431939
1	430010
1	429406
1	423841
1	421939
1	411556
1	409171
1	402732
1	399006
1	398845
1	393956
1	393386
1	391796
1	391053
1	390547
1	390545
1	389950
1	386413
1	385351
1	382474
1	379772
1	375955
1	375125
1	374475
1	372743
1	371753
1	371500
1	370635
1	370216
1	366099
1	360742
1	357878
1	357406
1	355130
1	355129
1	354438
1	352038
1	348726
1	347854
1	346202
1	346060
1	343192
1	342999
1	342983
1	341923
1	341659
1	340200
1	338288
1	335891
1	334786
1	333172
1	331058
1	330650
1	328062
1	327181
1	327125
1	323158
1	322672
1	320383
1	317621
1	316417
1	312519
1	309607
1	305236
1	303500
1	302034
1	301720
1	300950
1	299763
1	297119
1	295173
1	295171
1	292032
1	291828
1	289252
1	289134
1	288381
1	287497
1	287018
1	284975
1	284325
1	282279
1	277013
1	273633
1	272905
1	271750
1	270281
1	269752
1	269722
1	267786
1	267484
1	267002
1	265429
1	262095
1	260878
1	256487
1	253835
1	253175
1	252880
1	251106
1	249479
1	247528
1	246758
1	246290
1	239816
1	237070
1	234453
1	233066
1	232670
1	231161
1	229224
1	229101
1	225718
1	223942
1	223861
1	218871
1	218511
1	217826
1	216883
1	216621
1	216363
1	214497
1	213719
1	212698
1	211655
1	211516
1	210979
1	207839
1	207560
1	203979
1	201000
1	200738
1	196411
1	196201
1	195068
1	193641
1	192785
1	190078
1	190001
1	186841
1	185070
1	179844
1	179409
1	176397
1	176255
1	174693
1	171971
1	170421
1	167324
1	166747
1	165561
1	165241
1	163298
1	162463
1	160100
1	159328
1	158623
1	158422
1	156915
1	156805
1	156113
1	151806
1	150619
1	150604
1	150585
1	149330
1	149293
1	144678
1	144024
1	144006
1	139293
1	137631
1	136102
1	136091
1	136071
1	135642
1	135579
1	135299
1	134145
1	128339
1	128008
1	123984
1	123380
1	123184
1	121044
1	121028
1	119701
1	116103
